list(data = structure(list(year = c(1971, 1972, 1973, 1974, 1975, 
1976, 1977, 1978, 1979, 1980, 1981, 1982, 1983, 1984, 1985, 1986, 
1987, 1988, 1989, 1990, 1991, 1992, 1993, 1994, 1995, 1996, 1997, 
1998, 1999, 2000, 2001, 2002, 2003, 2004, 2005, 2006, 2007, 2008, 
2009, 2010), value = c(11, 23, 42, 90, 82, 49, 83, 140, 179, 
158, 214, 237, 467, 455, 427, 400, 225, 500, 600, 400, NA, 80, 
435, 375, 800, 900, 1200, 1400, 2150, 850, 2250, 2220, 2300, 
3000, 2800, 2025, 5075, 3975, 2185, 3025), valence = c("neg", 
"neg", "neg", "neg", "neg", "neg", "neg", "neg", "neg", "neg", 
"neg", "neg", "neg", "neg", "neg", "neg", "neg", "neg", "neg", 
"neg", NA, "neg", "neg", "neg", "neg", "neg", "pos", "pos", "pos", 
"neg", "pos", "pos", "pos", "pos", "pos", "pos", "pos", "pos", 
"pos", "pos"), min = c(11, 23, 42, 90, 82, 49, 83, 140, 179, 
158, 214, 237, 467, 455, 427, 400, 225, 500, 600, 400, NA, 80, 
435, 375, 800, 900, 1072.48717948718, 1072.48717948718, 1072.48717948718, 
850, 1072.48717948718, 1072.48717948718, 1072.48717948718, 1072.48717948718, 
1072.48717948718, 1072.48717948718, 1072.48717948718, 1072.48717948718, 
1072.48717948718, 1072.48717948718), max = c(1072.48717948718, 
1072.48717948718, 1072.48717948718, 1072.48717948718, 1072.48717948718, 
1072.48717948718, 1072.48717948718, 1072.48717948718, 1072.48717948718, 
1072.48717948718, 1072.48717948718, 1072.48717948718, 1072.48717948718, 
1072.48717948718, 1072.48717948718, 1072.48717948718, 1072.48717948718, 
1072.48717948718, 1072.48717948718, 1072.48717948718, NA, 1072.48717948718, 
1072.48717948718, 1072.48717948718, 1072.48717948718, 1072.48717948718, 
1200, 1400, 2150, 1072.48717948718, 2250, 2220, 2300, 3000, 2800, 
2025, 5075, 3975, 2185, 3025)), row.names = 4:43, class = "data.frame"), 
    pos = structure(list(year = c(1971, 1972, 1973, 1974, 1975, 
    1976, 1977, 1978, 1979, 1980, 1981, 1982, 1983, 1984, 1985, 
    1986, 1987, 1988, 1989, 1990, 1991, 1992, 1993, 1994, 1995, 
    1996, 1997, 1998, 1999, 2000, 2001, 2002, 2003, 2004, 2005, 
    2006, 2007, 2008, 2009, 2010), value = c(1072.48717948718, 
    1072.48717948718, 1072.48717948718, 1072.48717948718, 1072.48717948718, 
    1072.48717948718, 1072.48717948718, 1072.48717948718, 1072.48717948718, 
    1072.48717948718, 1072.48717948718, 1072.48717948718, 1072.48717948718, 
    1072.48717948718, 1072.48717948718, 1072.48717948718, 1072.48717948718, 
    1072.48717948718, 1072.48717948718, 1072.48717948718, NA, 
    1072.48717948718, 1072.48717948718, 1072.48717948718, 1072.48717948718, 
    1072.48717948718, 1200, 1400, 2150, 1072.48717948718, 2250, 
    2220, 2300, 3000, 2800, 2025, 5075, 3975, 2185, 3025), valence = c("neg", 
    "neg", "neg", "neg", "neg", "neg", "neg", "neg", "neg", "neg", 
    "neg", "neg", "neg", "neg", "neg", "neg", "neg", "neg", "neg", 
    "neg", NA, "neg", "neg", "neg", "neg", "neg", "pos", "pos", 
    "pos", "neg", "pos", "pos", "pos", "pos", "pos", "pos", "pos", 
    "pos", "pos", "pos"), min = c(11, 23, 42, 90, 82, 49, 83, 
    140, 179, 158, 214, 237, 467, 455, 427, 400, 225, 500, 600, 
    400, NA, 80, 435, 375, 800, 900, 1072.48717948718, 1072.48717948718, 
    1072.48717948718, 850, 1072.48717948718, 1072.48717948718, 
    1072.48717948718, 1072.48717948718, 1072.48717948718, 1072.48717948718, 
    1072.48717948718, 1072.48717948718, 1072.48717948718, 1072.48717948718
    ), max = c(1072.48717948718, 1072.48717948718, 1072.48717948718, 
    1072.48717948718, 1072.48717948718, 1072.48717948718, 1072.48717948718, 
    1072.48717948718, 1072.48717948718, 1072.48717948718, 1072.48717948718, 
    1072.48717948718, 1072.48717948718, 1072.48717948718, 1072.48717948718, 
    1072.48717948718, 1072.48717948718, 1072.48717948718, 1072.48717948718, 
    1072.48717948718, NA, 1072.48717948718, 1072.48717948718, 
    1072.48717948718, 1072.48717948718, 1072.48717948718, 1200, 
    1400, 2150, 1072.48717948718, 2250, 2220, 2300, 3000, 2800, 
    2025, 5075, 3975, 2185, 3025)), row.names = 4:43, class = "data.frame"), 
    neg = structure(list(year = c(1971, 1972, 1973, 1974, 1975, 
    1976, 1977, 1978, 1979, 1980, 1981, 1982, 1983, 1984, 1985, 
    1986, 1987, 1988, 1989, 1990, 1991, 1992, 1993, 1994, 1995, 
    1996, 1997, 1998, 1999, 2000, 2001, 2002, 2003, 2004, 2005, 
    2006, 2007, 2008, 2009, 2010), value = c(11, 23, 42, 90, 
    82, 49, 83, 140, 179, 158, 214, 237, 467, 455, 427, 400, 
    225, 500, 600, 400, NA, 80, 435, 375, 800, 900, 1072.48717948718, 
    1072.48717948718, 1072.48717948718, 850, 1072.48717948718, 
    1072.48717948718, 1072.48717948718, 1072.48717948718, 1072.48717948718, 
    1072.48717948718, 1072.48717948718, 1072.48717948718, 1072.48717948718, 
    1072.48717948718), valence = c("neg", "neg", "neg", "neg", 
    "neg", "neg", "neg", "neg", "neg", "neg", "neg", "neg", "neg", 
    "neg", "neg", "neg", "neg", "neg", "neg", "neg", NA, "neg", 
    "neg", "neg", "neg", "neg", "pos", "pos", "pos", "neg", "pos", 
    "pos", "pos", "pos", "pos", "pos", "pos", "pos", "pos", "pos"
    ), min = c(11, 23, 42, 90, 82, 49, 83, 140, 179, 158, 214, 
    237, 467, 455, 427, 400, 225, 500, 600, 400, NA, 80, 435, 
    375, 800, 900, 1072.48717948718, 1072.48717948718, 1072.48717948718, 
    850, 1072.48717948718, 1072.48717948718, 1072.48717948718, 
    1072.48717948718, 1072.48717948718, 1072.48717948718, 1072.48717948718, 
    1072.48717948718, 1072.48717948718, 1072.48717948718), max = c(1072.48717948718, 
    1072.48717948718, 1072.48717948718, 1072.48717948718, 1072.48717948718, 
    1072.48717948718, 1072.48717948718, 1072.48717948718, 1072.48717948718, 
    1072.48717948718, 1072.48717948718, 1072.48717948718, 1072.48717948718, 
    1072.48717948718, 1072.48717948718, 1072.48717948718, 1072.48717948718, 
    1072.48717948718, 1072.48717948718, 1072.48717948718, NA, 
    1072.48717948718, 1072.48717948718, 1072.48717948718, 1072.48717948718, 
    1072.48717948718, 1200, 1400, 2150, 1072.48717948718, 2250, 
    2220, 2300, 3000, 2800, 2025, 5075, 3975, 2185, 3025)), row.names = 4:43, class = "data.frame"), 
    labs = structure(list(V1 = c("indicator", "units", "extent"
    ), V2 = c("Brown Pelican", "Number of Nests ", "")), row.names = c(NA, 
    3L), class = "data.frame"), vals = structure(list(mean = 1072.48717948718, 
        sd = 1247.82041285036, mean_tr = "ptPlus", slope_tr = "arrowRight", 
        mean_sym = "+", slope_sym = "→", mean_word = "greater", 
        slope_word = "a stable"), class = "data.frame", row.names = c(NA, 
    -1L)))
