list(data = structure(list(year = c(1895, 1896, 1897, 1898, 1899, 
1900, 1901, 1902, 1903, 1904, 1905, 1906, 1907, 1908, 1909, 1910, 
1911, 1912, 1913, 1914, 1915, 1916, 1917, 1918, 1919, 1920, 1921, 
1922, 1923, 1924, 1925, 1926, 1927, 1928, 1929, 1930, 1931, 1932, 
1933, 1934, 1935, 1936, 1937, 1938, 1939, 1940, 1941, 1942, 1943, 
1944, 1945, 1946, 1947, 1948, 1949, 1950, 1951, 1952, 1953, 1954, 
1955, 1956, 1957, 1958, 1959, 1960, 1961, 1962, 1963, 1964, 1965, 
1966, 1967, 1968, 1969, 1970, 1971, 1972, 1973, 1974, 1975, 1976, 
1977, 1978, 1979, 1980, 1981, 1982, 1983, 1984, 1985, 1986, 1987, 
1988, 1989, 1990, 1991, 1992, 1993, 1994, 1995, 1996, 1997, 1998, 
1999, 2000, 2001, 2002, 2003, 2004, 2005, 2006, 2007, 2008, 2009, 
2010, 2011, 2012, 2013, 2014, 2015, 2016, 2017, 2018, 2019, 2020, 
2021), value = c(19.61583333, 20.65666667, 20.80583333, 19.99166667, 
20.0875, 20.315, 19.49833333, 20.565, 19.47166667, 20.16166667, 
20.16166667, 20.2175, 20.9025, 20.7875, 20.78666667, 20.22666667, 
21.63333333, 19.8625, 20.2175, 19.945, 20.26666667, 20.4825, 
19.7125, 20.565, 20.61166667, 20.005, 21.51833333, 21.265, 20.37833333, 
20.0975, 20.71, 20.23333333, 21.54083333, 19.9675, 20.37916667, 
20.09833333, 20.35583333, 20.59833333, 21.5, 20.3975, 20.56083333, 
20.2275, 20.23166667, 20.5475, 20.5975, 19.23583333, 20.33666667, 
19.65333333, 19.9825, 20.56416667, 20.62, 20.73583333, 20.125, 
20.50083333, 21.07833333, 20.61, 20.55166667, 20.16666667, 20.65833333, 
20.63833333, 20.63, 20.44333333, 20.83416667, 19.44083333, 19.99083333, 
19.75833333, 19.77333333, 20.38916667, 19.8425, 20.00833333, 
20.41083333, 19.63416667, 20.0325, 19.32, 19.8475, 19.7375, 20.495, 
20.675, 20.2825, 20.7, 20.27833333, 19.18916667, 19.99083333, 
19.685, 19.45916667, 20.12333333, 20.17166667, 20.70833333, 19.33, 
20.22166667, 20.435, 20.85583333, 20.03333333, 20.00916667, 20.19166667, 
21.20416667, 20.78166667, 20.12, 20.01916667, 20.44333333, 20.62833333, 
20.19916667, 20.325, 21.44083333, 21.19, 20.93916667, 20.66166667, 
20.58916667, 20.37416667, 20.8975, 20.99, 21.25416667, 20.93083333, 
20.61583333, 20.92166667, 20.07833333, 20.97666667, 21.515, 20.34583333, 
19.94, 21.66833333, 21.70083333, 21.67166667, 21.46916667, 21.44833333, 
21.75083333, 21.09166667), valence = c("neg", "pos", "pos", "neg", 
"neg", "neg", "neg", "pos", "neg", "neg", "neg", "neg", "pos", 
"pos", "pos", "neg", "pos", "neg", "neg", "neg", "neg", "pos", 
"neg", "pos", "pos", "neg", "pos", "pos", "neg", "neg", "pos", 
"neg", "pos", "neg", "neg", "neg", "neg", "pos", "pos", "neg", 
"pos", "neg", "neg", "pos", "pos", "neg", "neg", "neg", "neg", 
"pos", "pos", "pos", "neg", "pos", "pos", "pos", "pos", "neg", 
"pos", "pos", "pos", "pos", "pos", "neg", "neg", "neg", "neg", 
"neg", "neg", "neg", "neg", "neg", "neg", "neg", "neg", "neg", 
"pos", "pos", "neg", "pos", "neg", "neg", "neg", "neg", "neg", 
"neg", "neg", "pos", "neg", "neg", "neg", "pos", "neg", "neg", 
"neg", "pos", "pos", "neg", "neg", "pos", "pos", "neg", "neg", 
"pos", "pos", "pos", "pos", "pos", "neg", "pos", "pos", "pos", 
"pos", "pos", "pos", "neg", "pos", "pos", "neg", "neg", "pos", 
"pos", "pos", "pos", "pos", "pos", "pos"), min = c(19.61583333, 
20.4356430444882, 20.4356430444882, 19.99166667, 20.0875, 20.315, 
19.49833333, 20.4356430444882, 19.47166667, 20.16166667, 20.16166667, 
20.2175, 20.4356430444882, 20.4356430444882, 20.4356430444882, 
20.22666667, 20.4356430444882, 19.8625, 20.2175, 19.945, 20.26666667, 
20.4356430444882, 19.7125, 20.4356430444882, 20.4356430444882, 
20.005, 20.4356430444882, 20.4356430444882, 20.37833333, 20.0975, 
20.4356430444882, 20.23333333, 20.4356430444882, 19.9675, 20.37916667, 
20.09833333, 20.35583333, 20.4356430444882, 20.4356430444882, 
20.3975, 20.4356430444882, 20.2275, 20.23166667, 20.4356430444882, 
20.4356430444882, 19.23583333, 20.33666667, 19.65333333, 19.9825, 
20.4356430444882, 20.4356430444882, 20.4356430444882, 20.125, 
20.4356430444882, 20.4356430444882, 20.4356430444882, 20.4356430444882, 
20.16666667, 20.4356430444882, 20.4356430444882, 20.4356430444882, 
20.4356430444882, 20.4356430444882, 19.44083333, 19.99083333, 
19.75833333, 19.77333333, 20.38916667, 19.8425, 20.00833333, 
20.41083333, 19.63416667, 20.0325, 19.32, 19.8475, 19.7375, 20.4356430444882, 
20.4356430444882, 20.2825, 20.4356430444882, 20.27833333, 19.18916667, 
19.99083333, 19.685, 19.45916667, 20.12333333, 20.17166667, 20.4356430444882, 
19.33, 20.22166667, 20.435, 20.4356430444882, 20.03333333, 20.00916667, 
20.19166667, 20.4356430444882, 20.4356430444882, 20.12, 20.01916667, 
20.4356430444882, 20.4356430444882, 20.19916667, 20.325, 20.4356430444882, 
20.4356430444882, 20.4356430444882, 20.4356430444882, 20.4356430444882, 
20.37416667, 20.4356430444882, 20.4356430444882, 20.4356430444882, 
20.4356430444882, 20.4356430444882, 20.4356430444882, 20.07833333, 
20.4356430444882, 20.4356430444882, 20.34583333, 19.94, 20.4356430444882, 
20.4356430444882, 20.4356430444882, 20.4356430444882, 20.4356430444882, 
20.4356430444882, 20.4356430444882), max = c(20.4356430444882, 
20.65666667, 20.80583333, 20.4356430444882, 20.4356430444882, 
20.4356430444882, 20.4356430444882, 20.565, 20.4356430444882, 
20.4356430444882, 20.4356430444882, 20.4356430444882, 20.9025, 
20.7875, 20.78666667, 20.4356430444882, 21.63333333, 20.4356430444882, 
20.4356430444882, 20.4356430444882, 20.4356430444882, 20.4825, 
20.4356430444882, 20.565, 20.61166667, 20.4356430444882, 21.51833333, 
21.265, 20.4356430444882, 20.4356430444882, 20.71, 20.4356430444882, 
21.54083333, 20.4356430444882, 20.4356430444882, 20.4356430444882, 
20.4356430444882, 20.59833333, 21.5, 20.4356430444882, 20.56083333, 
20.4356430444882, 20.4356430444882, 20.5475, 20.5975, 20.4356430444882, 
20.4356430444882, 20.4356430444882, 20.4356430444882, 20.56416667, 
20.62, 20.73583333, 20.4356430444882, 20.50083333, 21.07833333, 
20.61, 20.55166667, 20.4356430444882, 20.65833333, 20.63833333, 
20.63, 20.44333333, 20.83416667, 20.4356430444882, 20.4356430444882, 
20.4356430444882, 20.4356430444882, 20.4356430444882, 20.4356430444882, 
20.4356430444882, 20.4356430444882, 20.4356430444882, 20.4356430444882, 
20.4356430444882, 20.4356430444882, 20.4356430444882, 20.495, 
20.675, 20.4356430444882, 20.7, 20.4356430444882, 20.4356430444882, 
20.4356430444882, 20.4356430444882, 20.4356430444882, 20.4356430444882, 
20.4356430444882, 20.70833333, 20.4356430444882, 20.4356430444882, 
20.4356430444882, 20.85583333, 20.4356430444882, 20.4356430444882, 
20.4356430444882, 21.20416667, 20.78166667, 20.4356430444882, 
20.4356430444882, 20.44333333, 20.62833333, 20.4356430444882, 
20.4356430444882, 21.44083333, 21.19, 20.93916667, 20.66166667, 
20.58916667, 20.4356430444882, 20.8975, 20.99, 21.25416667, 20.93083333, 
20.61583333, 20.92166667, 20.4356430444882, 20.97666667, 21.515, 
20.4356430444882, 20.4356430444882, 21.66833333, 21.70083333, 
21.67166667, 21.46916667, 21.44833333, 21.75083333, 21.09166667
)), row.names = 4:130, class = "data.frame"), pos = structure(list(
    year = c(1895, 1896, 1897, 1898, 1899, 1900, 1901, 1902, 
    1903, 1904, 1905, 1906, 1907, 1908, 1909, 1910, 1911, 1912, 
    1913, 1914, 1915, 1916, 1917, 1918, 1919, 1920, 1921, 1922, 
    1923, 1924, 1925, 1926, 1927, 1928, 1929, 1930, 1931, 1932, 
    1933, 1934, 1935, 1936, 1937, 1938, 1939, 1940, 1941, 1942, 
    1943, 1944, 1945, 1946, 1947, 1948, 1949, 1950, 1951, 1952, 
    1953, 1954, 1955, 1956, 1957, 1958, 1959, 1960, 1961, 1962, 
    1963, 1964, 1965, 1966, 1967, 1968, 1969, 1970, 1971, 1972, 
    1973, 1974, 1975, 1976, 1977, 1978, 1979, 1980, 1981, 1982, 
    1983, 1984, 1985, 1986, 1987, 1988, 1989, 1990, 1991, 1992, 
    1993, 1994, 1995, 1996, 1997, 1998, 1999, 2000, 2001, 2002, 
    2003, 2004, 2005, 2006, 2007, 2008, 2009, 2010, 2011, 2012, 
    2013, 2014, 2015, 2016, 2017, 2018, 2019, 2020, 2021),