list(data = structure(list(year = c(2000, 2001, 2002, 2003, 2004, 
2005, 2006, 2007, 2008, 2009, 2010, 2011, 2012, 2013, 2014, 2015, 
2016, 2017, 2018, 2000, 2001, 2002, 2003, 2004, 2005, 2006, 2007, 
2008, 2009, 2010, 2011, 2012, 2013, 2014, 2015, 2016, 2017, 2018
), value = c(4.80311865, 4.95408436, 6.436146015, 5.954476199, 
6.277980018, 6.46751899, 7.23867275, 7.39305731, 6.467475875, 
6.313181915, 4.673609745, 5.380459535, 6.72385873, 8.602793472, 
9.96867807, 7.77495066, 7.156726635, 7.840018609, 9.75502784, 
3.284310599, 2.955123057, 4.822119102, 3.929472253, 4.479121459, 
3.904434151, 4.940218971, 4.094542109, 3.876994246, 4.375374316, 
2.242512128, 3.126371344, 3.272894078, 3.027496085, 2.99468589, 
2.651300556, 2.804751613, 3.014976043, 3.266378163), valence = c("neg", 
"neg", "neg", "neg", "neg", "neg", "pos", "pos", "neg", "neg", 
"neg", "neg", "neg", "pos", "pos", "pos", "pos", "pos", "pos", 
"neg", "neg", "pos", "pos", "pos", "pos", "pos", "pos", "pos", 
"pos", "neg", "neg", "neg", "neg", "neg", "neg", "neg", "neg", 
"neg"), min = c(4.80311865, 4.95408436, 6.436146015, 5.954476199, 
6.277980018, 6.46751899, 6.85167554621053, 6.85167554621053, 
6.467475875, 6.313181915, 4.673609745, 5.380459535, 6.72385873, 
6.85167554621053, 6.85167554621053, 6.85167554621053, 6.85167554621053, 
6.85167554621053, 6.85167554621053, 3.284310599, 2.955123057, 
3.52963558752632, 3.52963558752632, 3.52963558752632, 3.52963558752632, 
3.52963558752632, 3.52963558752632, 3.52963558752632, 3.52963558752632, 
2.242512128, 3.126371344, 3.272894078, 3.027496085, 2.99468589, 
2.651300556, 2.804751613, 3.014976043, 3.266378163), max = c(6.85167554621053, 
6.85167554621053, 6.85167554621053, 6.85167554621053, 6.85167554621053, 
6.85167554621053, 7.23867275, 7.39305731, 6.85167554621053, 6.85167554621053, 
6.85167554621053, 6.85167554621053, 6.85167554621053, 8.602793472, 
9.96867807, 7.77495066, 7.156726635, 7.840018609, 9.75502784, 
3.52963558752632, 3.52963558752632, 4.822119102, 3.929472253, 
4.479121459, 3.904434151, 4.940218971, 4.094542109, 3.876994246, 
4.375374316, 3.52963558752632, 3.52963558752632, 3.52963558752632, 
3.52963558752632, 3.52963558752632, 3.52963558752632, 3.52963558752632, 
3.52963558752632, 3.52963558752632), subnm = c("Revenue (million $)", 
"Revenue (million $)", "Revenue (million $)", "Revenue (million $)", 
"Revenue (million $)", "Revenue (million $)", "Revenue (million $)", 
"Revenue (million $)", "Revenue (million $)", "Revenue (million $)", 
"Revenue (million $)", "Revenue (million $)", "Revenue (million $)", 
"Revenue (million $)", "Revenue (million $)", "Revenue (million $)", 
"Revenue (million $)", "Revenue (million $)", "Revenue (million $)", 
"Catch (million kg)", "Catch (million kg)", "Catch (million kg)", 
"Catch (million kg)", "Catch (million kg)", "Catch (million kg)", 
"Catch (million kg)", "Catch (million kg)", "Catch (million kg)", 
"Catch (million kg)", "Catch (million kg)", "Catch (million kg)", 
"Catch (million kg)", "Catch (million kg)", "Catch (million kg)", 
"Catch (million kg)", "Catch (million kg)", "Catch (million kg)", 
"Catch (million kg)")), row.names = c(NA, -38L), class = "data.frame"), 
    pos = structure(list(year = c(2000, 2001, 2002, 2003, 2004, 
    2005, 2006, 2007, 2008, 2009, 2010, 2011, 2012, 2013, 2014, 
    2015, 2016, 2017, 2018, 2000, 2001, 2002, 2003, 2004, 2005, 
    2006, 2007, 2008, 2009, 2010, 2011, 2012, 2013, 2014, 2015, 
    2016, 2017, 2018), value = c(6.85167554621053, 6.85167554621053, 
    6.85167554621053, 6.85167554621053, 6.85167554621053, 6.85167554621053, 
    7.23867275, 7.39305731, 6.85167554621053, 6.85167554621053, 
    6.85167554621053, 6.85167554621053, 6.85167554621053, 8.602793472, 
    9.96867807, 7.77495066, 7.156726635, 7.840018609, 9.75502784, 
    3.52963558752632, 3.52963558752632, 4.822119102, 3.929472253, 
    4.479121459, 3.904434151, 4.940218971, 4.094542109, 3.876994246, 
    4.375374316, 3.52963558752632, 3.52963558752632, 3.52963558752632, 
    3.52963558752632, 3.52963558752632, 3.52963558752632, 3.52963558752632, 
    3.52963558752632, 3.52963558752632), valence = c("neg", "neg", 
    "neg", "neg", "neg", "neg", "pos", "pos", "neg", "neg", "neg", 
    "neg", "neg", "pos", "pos", "pos", "pos", "pos", "pos", "neg", 
    "neg", "pos", "pos", "pos", "pos", "pos", "pos", "pos", "pos", 
    "neg", "neg", "neg", "neg", "neg", "neg", "neg", "neg", "neg"
    ), min = c(4.80311865, 4.95408436, 6.436146015, 5.954476199, 
    6.277980018, 6.46751899, 6.85167554621053, 6.85167554621053, 
    6.467475875, 6.313181915, 4.673609745, 5.380459535, 6.72385873, 
    6.85167554621053, 6.85167554621053, 6.85167554621053, 6.85167554621053, 
    6.85167554621053, 6.85167554621053, 3.284310599, 2.955123057, 
    3.52963558752632, 3.52963558752632, 3.52963558752632, 3.52963558752632, 
    3.52963558752632, 3.52963558752632, 3.52963558752632, 3.52963558752632, 
    2.242512128, 3.126371344, 3.272894078, 3.027496085, 2.99468589, 
    2.651300556, 2.804751613, 3.014976043, 3.266378163), max = c(6.85167554621053, 
    6.85167554621053, 6.85167554621053, 6.85167554621053, 6.85167554621053, 
    6.85167554621053, 7.23867275, 7.39305731, 6.85167554621053, 
    6.85167554621053, 6.85167554621053, 6.85167554621053, 6.85167554621053, 
    8.602793472, 9.96867807, 7.77495066, 7.156726635, 7.840018609, 
    9.75502784, 3.52963558752632, 3.52963558752632, 4.822119102, 
    3.929472253, 4.479121459, 3.904434151, 4.940218971, 4.094542109, 
    3.876994246, 4.375374316, 3.52963558752632, 3.52963558752632, 
    3.52963558752632, 3.52963558752632, 3.52963558752632, 3.52963558752632, 
    3.52963558752632, 3.52963558752632, 3.52963558752632), subnm = c("Revenue (million $)", 
    "Revenue (million $)", "Revenue (million $)", "Revenue (million $)", 
    "Revenue (million $)", "Revenue (million $)", "Revenue (million $)", 
    "Revenue (million $)", "Revenue (million $)", "Revenue (million $)", 
    "Revenue (million $)", "Revenue (million $)", "Revenue (million $)", 
    "Revenue (million $)", "Revenue (million $)", "Revenue (million $)", 
    "Revenue (million $)", "Revenue (million $)", "Revenue (million $)", 
    "Catch (million kg)", "Catch (million kg)", "Catch (million kg)", 
    "Catch (million kg)", "Catch (million kg)", "Catch (million kg)", 
    "Catch (million kg)", "Catch (million kg)", "Catch (million kg)", 
    "Catch (million kg)", "Catch (million kg)", "Catch (million kg)", 
    "Catch (million kg)", "Catch (million kg)", "Catch (million kg)", 
    "Catch (million kg)", "Catch (million kg)", "Catch (million kg)", 
    "Catch (million kg)"), mean = c(6.85167554621053, 6.85167554621053, 
    6.85167554621053, 6.85167554621053, 6.85167554621053, 6.85167554621053, 
    6.85167554621053, 6.85167554621053, 6.85167554621053, 6.85167554621053, 
    6.85167554621053, 6.85167554621053, 6.85167554621053, 6.85167554621053, 
    6.85167554621053, 6.85167554621053, 6.85167554621053, 6.85167554621053, 
    6.85167554621053, 3.52963558752632, 3.52963558752632, 3.52963558752632, 
    3.52963558752632, 3.52963558752632, 3.52963558752632, 3.52963558752632, 
    3.52963558752632, 3.52963558752632, 3.52963558752632, 3.52963558752632, 
    3.52963558752632, 3.52963558752632, 3.52963558752632, 3.52963558752632, 
    3.52963558752632, 3.52963558752632, 3.52963558752632, 3.52963558752632
    ),