list(data = structure(list(year = c(2006, 2007, 2008, 2009, 2010, 
2011, 2012, 2013, 2014, 2015, 2016, 2017, 2018, 2019), value = c(117.761, 
137.47, 141.585, 107.821, 101.515, 64, 38, 33.5, 33.5, 32, 32, 
31.5, 26.525, 37.25), valence = c("pos", "pos", "pos", "pos", 
"pos", "neg", "neg", "neg", "neg", "neg", "neg", "neg", "neg", 
"neg"), min = c(66.7447857142857, 66.7447857142857, 66.7447857142857, 
66.7447857142857, 66.7447857142857, 64, 38, 33.5, 33.5, 32, 32, 
31.5, 26.525, 37.25), max = c(117.761, 137.47, 141.585, 107.821, 
101.515, 66.7447857142857, 66.7447857142857, 66.7447857142857, 
66.7447857142857, 66.7447857142857, 66.7447857142857, 66.7447857142857, 
66.7447857142857, 66.7447857142857)), row.names = 4:17, class = "data.frame"), 
    pos = structure(list(year = c(2006, 2007, 2008, 2009, 2010, 
    2011, 2012, 2013, 2014, 2015, 2016, 2017, 2018, 2019), value = c(117.761, 
    137.47, 141.585, 107.821, 101.515, 66.7447857142857, 66.7447857142857, 
    66.7447857142857, 66.7447857142857, 66.7447857142857, 66.7447857142857, 
    66.7447857142857, 66.7447857142857, 66.7447857142857), valence = c("pos", 
    "pos", "pos", "pos", "pos", "neg", "neg", "neg", "neg", "neg", 
    "neg", "neg", "neg", "neg"), min = c(66.7447857142857, 66.7447857142857, 
    66.7447857142857, 66.7447857142857, 66.7447857142857, 64, 
    38, 33.5, 33.5, 32, 32, 31.5, 26.525, 37.25), max = c(117.761, 
    137.47, 141.585, 107.821, 101.515, 66.7447857142857, 66.7447857142857, 
    66.7447857142857, 66.7447857142857, 66.7447857142857, 66.7447857142857, 
    66.7447857142857, 66.7447857142857, 66.7447857142857)), row.names = 4:17, class = "data.frame"), 
    neg = structure(list(year = c(2006, 2007, 2008, 2009, 2010, 
    2011, 2012, 2013, 2014, 2015, 2016, 2017, 2018, 2019), value = c(66.7447857142857, 
    66.7447857142857, 66.7447857142857, 66.7447857142857, 66.7447857142857, 
    64, 38, 33.5, 33.5, 32, 32, 31.5, 26.525, 37.25), valence = c("pos", 
    "pos", "pos", "pos", "pos", "neg", "neg", "neg", "neg", "neg", 
    "neg", "neg", "neg", "neg"), min = c(66.7447857142857, 66.7447857142857, 
    66.7447857142857, 66.7447857142857, 66.7447857142857, 64, 
    38, 33.5, 33.5, 32, 32, 31.5, 26.525, 37.25), max = c(117.761, 
    137.47, 141.585, 107.821, 101.515, 66.7447857142857, 66.7447857142857, 
    66.7447857142857, 66.7447857142857, 66.7447857142857, 66.7447857142857, 
    66.7447857142857, 66.7447857142857, 66.7447857142857)), row.names = 4:17, class = "data.frame"), 
    labs = structure(list(V1 = c("indicator", "unit", "extent"
    ), V2 = c("Nuisance Aquatic Vegetation", "Acres (Thousands)", 
    "Spring")), row.names = c(NA, 3L), class = "data.frame"), 
    vals = structure(list(mean = 66.7447857142857, sd = 44.1068525605342, 
        mean_tr = "ptSolid", slope_tr = "arrowRight", mean_sym = "●", 
        slope_sym = "→", mean_word = "within", slope_word = "a stable"), class = "data.frame", row.names = c(NA, 
    -1L)))
