list(data = structure(list(year = c(1990, 1991, 1992, 1993, 1994, 
1995, 1996, 1997, 1998, 1999, 2000, 2001, 2002, 2003, 2004, 2005, 
2006, 2007, 2008, 2009, 2010, 2011, 2012, 2013, 2014, 2015, 2016, 
2017, 2018), value = c(1064, 1185, 1288, 963, 1090, 1173, 1393, 
1147, 994, 892, 997, 1020, 942, 832, 910, 1116, 1172, 1109, 1091, 
878, 1090, 920, 1003, 703, 859, 641, 555, 543, 541), valence = c("pos", 
"pos", "pos", "neg", "pos", "pos", "pos", "pos", "pos", "neg", 
"pos", "pos", "neg", "neg", "neg", "pos", "pos", "pos", "pos", 
"neg", "pos", "neg", "pos", "neg", "neg", "neg", "neg", "neg", 
"neg"), min = c(969.344827586207, 969.344827586207, 969.344827586207, 
963, 969.344827586207, 969.344827586207, 969.344827586207, 969.344827586207, 
969.344827586207, 892, 969.344827586207, 969.344827586207, 942, 
832, 910, 969.344827586207, 969.344827586207, 969.344827586207, 
969.344827586207, 878, 969.344827586207, 920, 969.344827586207, 
703, 859, 641, 555, 543, 541), max = c(1064, 1185, 1288, 969.344827586207, 
1090, 1173, 1393, 1147, 994, 969.344827586207, 997, 1020, 969.344827586207, 
969.344827586207, 969.344827586207, 1116, 1172, 1109, 1091, 969.344827586207, 
1090, 969.344827586207, 1003, 969.344827586207, 969.344827586207, 
969.344827586207, 969.344827586207, 969.344827586207, 969.344827586207
)), row.names = 4:32, class = "data.frame"), pos = structure(list(
    year = c(1990, 1991, 1992, 1993, 1994, 1995, 1996, 1997, 
    1998, 1999, 2000, 2001, 2002, 2003, 2004, 2005, 2006, 2007, 
    2008, 2009, 2010, 2011, 2012, 2013, 2014, 2015, 2016, 2017, 
    2018), value = c(1064, 1185, 1288, 969.344827586207, 1090, 
    1173, 1393, 1147, 994, 969.344827586207, 997, 1020, 969.344827586207, 
    969.344827586207, 969.344827586207, 1116, 1172, 1109, 1091, 
    969.344827586207, 1090, 969.344827586207, 1003, 969.344827586207, 
    969.344827586207, 969.344827586207, 969.344827586207, 969.344827586207, 
    969.344827586207), valence = c("pos", "pos", "pos", "neg", 
    "pos", "pos", "pos", "pos", "pos", "neg", "pos", "pos", "neg", 
    "neg", "neg", "pos", "pos", "pos", "pos", "neg", "pos", "neg", 
    "pos", "neg", "neg", "neg", "neg", "neg", "neg"), min = c(969.344827586207, 
    969.344827586207, 969.344827586207, 963, 969.344827586207, 
    969.344827586207, 969.344827586207, 969.344827586207, 969.344827586207, 
    892, 969.344827586207, 969.344827586207, 942, 832, 910, 969.344827586207, 
    969.344827586207, 969.344827586207, 969.344827586207, 878, 
    969.344827586207, 920, 969.344827586207, 703, 859, 641, 555, 
    543, 541), max = c(1064, 1185, 1288, 969.344827586207, 1090, 
    1173, 1393, 1147, 994, 969.344827586207, 997, 1020, 969.344827586207, 
    969.344827586207, 969.344827586207, 1116, 1172, 1109, 1091, 
    969.344827586207, 1090, 969.344827586207, 1003, 969.344827586207, 
    969.344827586207, 969.344827586207, 969.344827586207, 969.344827586207, 
    969.344827586207)), row.names = 4:32, class = "data.frame"), 
    neg = structure(list(year = c(1990, 1991, 1992, 1993, 1994, 
    1995, 1996, 1997, 1998, 1999, 2000, 2001, 2002, 2003, 2004, 
    2005, 2006, 2007, 2008, 2009, 2010, 2011, 2012, 2013, 2014, 
    2015, 2016, 2017, 2018), value = c(969.344827586207, 969.344827586207, 
    969.344827586207, 963, 969.344827586207, 969.344827586207, 
    969.344827586207, 969.344827586207, 969.344827586207, 892, 
    969.344827586207, 969.344827586207, 942, 832, 910, 969.344827586207, 
    969.344827586207, 969.344827586207, 969.344827586207, 878, 
    969.344827586207, 920, 969.344827586207, 703, 859, 641, 555, 
    543, 541), valence = c("pos", "pos", "pos", "neg", "pos", 
    "pos", "pos", "pos", "pos", "neg", "pos", "pos", "neg", "neg", 
    "neg", "pos", "pos", "pos", "pos", "neg", "pos", "neg", "pos", 
    "neg", "neg", "neg", "neg", "neg", "neg"), min = c(969.344827586207, 
    969.344827586207, 969.344827586207, 963, 969.344827586207, 
    969.344827586207, 969.344827586207, 969.344827586207, 969.344827586207, 
    892, 969.344827586207, 969.344827586207, 942, 832, 910, 969.344827586207, 
    969.344827586207, 969.344827586207, 969.344827586207, 878, 
    969.344827586207, 920, 969.344827586207, 703, 859, 641, 555, 
    543, 541), max = c(1064, 1185, 1288, 969.344827586207, 1090, 
    1173, 1393, 1147, 994, 969.344827586207, 997, 1020, 969.344827586207, 
    969.344827586207, 969.344827586207, 1116, 1172, 1109, 1091, 
    969.344827586207, 1090, 969.344827586207, 1003, 969.344827586207, 
    969.344827586207, 969.344827586207, 969.344827586207, 969.344827586207, 
    969.344827586207)), row.names = 4:32, class = "data.frame"), 
    labs = structure(list(V1 = c("indicator", "units", "extent"
    ), V2 = c("Oil Spills", "Reports", "4 parishes")), row.names = c(NA, 
    3L), class = "data.frame"), vals = structure(list(mean = 969.344827586207, 
        sd = 216.166813209162, mean_tr = "ptMinus", slope_tr = "arrowDown", 
        mean_sym = "-", slope_sym = "↓", mean_word = "below", 
        slope_word = "a decreasing"), class = "data.frame", row.names = c(NA, 
    -1L)))
