list(data = structure(list(year = c(2000, 2001, 2002, 2003, 2004, 
2005, 2006, 2007, 2008, 2009, 2010, 2011, 2012, 2013, 2014, 2015, 
2016, 2017, 2018, 2000, 2001, 2002, 2003, 2004, 2005, 2006, 2007, 
2008, 2009, 2010, 2011, 2012, 2013, 2014, 2015, 2016, 2017, 2018
), value = c(6.93757826, 4.78575086, 2.26308092, 8.06232376, 
10.56801985, 8.57499026, 8.41492421, 8.70710171, 6.92283054, 
13.3785262, 4.57989394, 14.64428661, 17.98926908, 16.76039163, 
27.84484164, 33.37030196, 25.19435065, 39.9756236, 38.01980418, 
1.260933067, 0.90550951, 0.416402256, 1.412649922, 1.873516873, 
1.378693914, 1.106775903, 1.127640308, 0.948262859, 1.68523107, 
0.537482413, 1.534383947, 1.787324051, 1.641061461, 2.00389642, 
2.178721786, 1.851766327, 2.448076836, 2.356894828), valence = c("neg", 
"neg", "neg", "neg", "neg", "neg", "neg", "neg", "neg", "neg", 
"neg", "neg", "pos", "pos", "pos", "pos", "pos", "pos", "pos", 
"neg", "neg", "neg", "neg", "pos", "neg", "neg", "neg", "neg", 
"pos", "neg", "pos", "pos", "pos", "pos", "pos", "pos", "pos", 
"pos"), min = c(6.93757826, 4.78575086, 2.26308092, 8.06232376, 
10.56801985, 8.57499026, 8.41492421, 8.70710171, 6.92283054, 
13.3785262, 4.57989394, 14.64428661, 15.6312573610526, 15.6312573610526, 
15.6312573610526, 15.6312573610526, 15.6312573610526, 15.6312573610526, 
15.6312573610526, 1.260933067, 0.90550951, 0.416402256, 1.412649922, 
1.49764335531579, 1.378693914, 1.106775903, 1.127640308, 0.948262859, 
1.49764335531579, 0.537482413, 1.49764335531579, 1.49764335531579, 
1.49764335531579, 1.49764335531579, 1.49764335531579, 1.49764335531579, 
1.49764335531579, 1.49764335531579), max = c(15.6312573610526, 
15.6312573610526, 15.6312573610526, 15.6312573610526, 15.6312573610526, 
15.6312573610526, 15.6312573610526, 15.6312573610526, 15.6312573610526, 
15.6312573610526, 15.6312573610526, 15.6312573610526, 17.98926908, 
16.76039163, 27.84484164, 33.37030196, 25.19435065, 39.9756236, 
38.01980418, 1.49764335531579, 1.49764335531579, 1.49764335531579, 
1.49764335531579, 1.873516873, 1.49764335531579, 1.49764335531579, 
1.49764335531579, 1.49764335531579, 1.68523107, 1.49764335531579, 
1.534383947, 1.787324051, 1.641061461, 2.00389642, 2.178721786, 
1.851766327, 2.448076836, 2.356894828), subnm = c("Revenue (million $)", 
"Revenue (million $)", "Revenue (million $)", "Revenue (million $)", 
"Revenue (million $)", "Revenue (million $)", "Revenue (million $)", 
"Revenue (million $)", "Revenue (million $)", "Revenue (million $)", 
"Revenue (million $)", "Revenue (million $)", "Revenue (million $)", 
"Revenue (million $)", "Revenue (million $)", "Revenue (million $)", 
"Revenue (million $)", "Revenue (million $)", "Revenue (million $)", 
"Catch (million kg)", "Catch (million kg)", "Catch (million kg)", 
"Catch (million kg)", "Catch (million kg)", "Catch (million kg)", 
"Catch (million kg)", "Catch (million kg)", "Catch (million kg)", 
"Catch (million kg)", "Catch (million kg)", "Catch (million kg)", 
"Catch (million kg)", "Catch (million kg)", "Catch (million kg)", 
"Catch (million kg)", "Catch (million kg)", "Catch (million kg)", 
"Catch (million kg)")), row.names = c(NA, -38L), class = "data.frame"), 
    pos = structure(list(year = c(2000, 2001, 2002, 2003, 2004, 
    2005, 2006, 2007, 2008, 2009, 2010, 2011, 2012, 2013, 2014, 
    2015, 2016, 2017, 2018, 2000, 2001, 2002, 2003, 2004, 2005, 
    2006, 2007, 2008, 2009, 2010, 2011, 2012, 2013, 2014, 2015, 
    2016, 2017, 2018), value = c(15.6312573610526, 15.6312573610526, 
    15.6312573610526, 15.6312573610526, 15.6312573610526, 15.6312573610526, 
    15.6312573610526, 15.6312573610526, 15.6312573610526, 15.6312573610526, 
    15.6312573610526, 15.6312573610526, 17.98926908, 16.76039163, 
    27.84484164, 33.37030196, 25.19435065, 39.9756236, 38.01980418, 
    1.49764335531579, 1.49764335531579, 1.49764335531579, 1.49764335531579, 
    1.873516873, 1.49764335531579, 1.49764335531579, 1.49764335531579, 
    1.49764335531579, 1.68523107, 1.49764335531579, 1.534383947, 
    1.787324051, 1.641061461, 2.00389642, 2.178721786, 1.851766327, 
    2.448076836, 2.356894828), valence = c("neg", "neg", "neg", 
    "neg", "neg", "neg", "neg", "neg", "neg", "neg", "neg", "neg", 
    "pos", "pos", "pos", "pos", "pos", "pos", "pos", "neg", "neg", 
    "neg", "neg", "pos", "neg", "neg", "neg", "neg", "pos", "neg", 
    "pos", "pos", "pos", "pos", "pos", "pos", "pos", "pos"), 
        min = c(6.93757826, 4.78575086, 2.26308092, 8.06232376, 
        10.56801985, 8.57499026, 8.41492421, 8.70710171, 6.92283054, 
        13.3785262, 4.57989394, 14.64428661, 15.6312573610526, 
        15.6312573610526, 15.6312573610526, 15.6312573610526, 
        15.6312573610526, 15.6312573610526, 15.6312573610526, 
        1.260933067, 0.90550951, 0.416402256, 1.412649922, 1.49764335531579, 
        1.378693914, 1.106775903, 1.127640308, 0.948262859, 1.49764335531579, 
        0.537482413, 1.49764335531579, 1.49764335531579, 1.49764335531579, 
        1.49764335531579, 1.49764335531579, 1.49764335531579, 
        1.49764335531579, 1.49764335531579), max = c(15.6312573610526, 
        15.6312573610526, 15.6312573610526, 15.6312573610526, 
        15.6312573610526, 15.6312573610526, 15.6312573610526, 
        15.6312573610526, 15.6312573610526, 15.6312573610526, 
        15.6312573610526, 15.6312573610526, 17.98926908, 16.76039163, 
        27.84484164, 33.37030196, 25.19435065, 39.9756236, 38.01980418, 
        1.49764335531579, 1.49764335531579, 1.49764335531579, 
        1.49764335531579, 1.873516873, 1.49764335531579, 1.49764335531579, 
        1.49764335531579, 1.49764335531579, 1.68523107, 1.49764335531579, 
        1.534383947, 1.787324051, 1.641061461, 2.00389642, 2.178721786, 
        1.851766327, 2.448076836, 2.356894828), subnm = c("Revenue (million $)", 
        "Revenue (million $)", "Revenue (million $)", "Revenue (million $)", 
        "Revenue (million $)", "Revenue (million $)", "Revenue (million $)", 
        "Revenue (million $)", "Revenue (million $)", "Revenue (million $)", 
        "Revenue (million $)", "Revenue (million $)", "Revenue (million $)", 
        "Revenue (million $)", "Revenue (million $)", "Revenue (million $)", 
        "Revenue (million $)", "Revenue (million $)", "Revenue (million $)", 
        "Catch (million kg)", "Catch (million kg)", "Catch (million kg)", 
        "Catch (million kg)", "Catch (million kg)", "Catch (million kg)", 
        "Catch (million kg)", "Catch (million kg)", "Catch (million kg)", 
        "Catch (million kg)", "Catch (million kg)", "Catch (million kg)", 
        "Catch (million kg)", "Catch (million kg)", "Catch (million kg)", 
        "Catch (million kg)", "Catch (million kg)", "Catch (million kg)", 
        "Catch (million kg)"), mean = c(15.6312573610526, 15.6312573610526, 
        15.6312573610526, 15.6312573610526, 15.6312573610526, 
        15.6312573610526, 15.6312573610526, 15.6312573610526, 
        15.6312573610526, 15.6312573610526, 15.6312573610526, 
        15.6312573610526, 15.6312573610526, 15.6312573610526, 
        15.6312573610526, 15.6312573610526, 15.6312573610526, 
        15.6312573610526, 15.6312573610526, 1.49764335531579, 
        1.49764335531579, 1.49764335531579, 1.49764335531579, 
        1.49764335531579, 1.49764335531579, 1.49764335531579, 
        1.49764335531579, 1.49764335531579, 1.49764335531579, 
        1.49764335531579, 1.49764335531579, 1.49764335531579, 
        1.49764335531579, 1.49764335531579, 1.49764335531579, 
        1.49764335531579, 1.49764335531579, 1.49764335531579),