list(data = structure(list(year = c(1978, 1979, 1980, 1981, 1982, 
1983, 1984, 1985, 1986, 1987, 1988, 1989, 1990, 1991, 1992, 1993, 
1994, 1995, 1996, 1997, 1998, 1999, 2000, 2001, 2002, 2003, 2004, 
2005, 2006, 2007, 2008, 2009, 2010, 2011, 2012, 2013, 2014, 2015, 
2016, 2017, 2018, 2019, 2020, 1978, 1979, 1980, 1981, 1982, 1983, 
1984, 1985, 1986, 1987, 1988, 1989, 1990, 1991, 1992, 1993, 1994, 
1995, 1996, 1997, 1998, 1999, 2000, 2001, 2002, 2003, 2004, 2005, 
2006, 2007, 2008, 2009, 2010, 2011, 2012, 2013, 2014, 2015, 2016, 
2017, 2018, 2019, 2020, 1978, 1979, 1980, 1981, 1982, 1983, 1984, 
1985, 1986, 1987, 1988, 1989, 1990, 1991, 1992, 1993, 1994, 1995, 
1996, 1997, 1998, 1999, 2000, 2001, 2002, 2003, 2004, 2005, 2006, 
2007, 2008, 2009, 2010, 2011, 2012, 2013, 2014, 2015, 2016, 2017, 
2018, 2019, 2020, 1978, 1979, 1980, 1981, 1982, 1983, 1984, 1985, 
1986, 1987, 1988, 1989, 1990, 1991, 1992, 1993, 1994, 1995, 1996, 
1997, 1998, 1999, 2000, 2001, 2002, 2003, 2004, 2005, 2006, 2007, 
2008, 2009, 2010, 2011, 2012, 2013, 2014, 2015, 2016, 2017, 2018, 
2019, 2020), value = c(77.2444797, 77.08827569, 76.91936845, 
77.35782822, 76.96921684, 78.19482664, 78.27259004, 78.12734887, 
77.85329018, 77.89682978, 78.0750444, 78.06968719, 77.76423665, 
77.79716467, 77.61811452, 77.8501281, 77.71022259, 77.22121028, 
77.29196051, 76.89071421, 76.65136699, 76.60128102, 76.62534019, 
76.72361196, 77.11985324, 76.9534813, 77.24562999, 77.37114974, 
76.50933041, 78.00167049, 77.38719832, 77.25285272, 77.19127807, 
77.05292964, 76.90949227, 76.56525573, 76.2962963, 75.8087667, 
75.73658751, 75.74721518, 75.97114317, 75.70571238, 75.5794234, 
84.35951875, 82.78008299, 83.18821165, 83.17460317, 83.0797322, 
82.67766497, 83.94018205, 82.88227334, 83.36783989, 83.20950966, 
83.3959429, 83.25757576, 83.08931186, 81.85131195, 81.4380044, 
81.61083393, 81.25, 80.86158192, 80.21052632, 80.5651275, 79.69374168, 
79.45205479, 79.63565387, 79.21492921, 78.61715749, 78.125, 77.39858339, 
77.28747567, 76.66666667, 75.42003734, 74.84624846, 75.26348419, 
74.98448169, 74.79206654, 74.41709845, 74.30600387, 74.55853499, 
74.57969065, 73.91304348, 73.83112352, 74.41696113, 73.67288379, 
72.95141407, 77.30263158, 75.85669782, 73.4375, 73.9195231, 73.63896848, 
74.60770328, 76.15606936, 74.1301059, 73.71695179, 74.42244224, 
75.57003257, 75.74750831, 75.07886435, 75.63291139, 74.38825449, 
74.11575563, 73.69255151, 72.87066246, 72.9468599, 71.98067633, 
72.68588771, 72.01257862, 71.29186603, 72.75641026, 72.06349206, 
71.81102362, 71.63232964, 71.2, 68.61313869, 70.82630691, 68.57638889, 
70.1188455, 68.93039049, 67.82178218, 69.37086093, 68.46543002, 
67.60797342, 67.16666667, 67.9245283, 69.27175844, 70.609319, 
69.5970696, 68.80907372, 72.95454545, 72.72727273, 70.36290323, 
70.84942085, 70.52238806, 69.92753623, 72.32924694, 71.17750439, 
71.12676056, 70.84078712, 71.37870855, 68.68512111, 66.25659051, 
65.89018303, 65.06410256, 65.62009419, 65.4853621, 65.25547445, 
64.33666191, 63.4696756, 64.00560224, 63.22147651, 64.03743316, 
64.82939633, 66.96658098, 66.15581098, 65.91478697, 65.46583851, 
64.25, 64.73429952, 65.70743405, 63.11166876, 62.69230769, 63.26002587, 
64.58598726, 63.95348837, 63.42710997, 63.56687898, 63.15136476, 
62.54728878, 62.38993711, 62.19974716, 61.74934726), valence = c("pos", 
"neg", "neg", "pos", "neg", "pos", "pos", "pos", "pos", "pos", 
"pos", "pos", "pos", "pos", "pos", "pos", "pos", "pos", "pos", 
"neg", "neg", "neg", "neg", "neg", "pos", "neg", "pos", "pos", 
"neg", "pos", "pos", "pos", "pos", "neg", "neg", "neg", "neg", 
"neg", "neg", "neg", "neg", "neg", "neg", "pos", "pos", "pos", 
"pos", "pos", "pos", "pos", "pos", "pos", "pos", "pos", "pos", 
"pos", "pos", "pos", "pos", "pos", "pos", "pos", "pos", "pos", 
"pos", "pos", "pos", "neg", "neg", "neg", "neg", "neg", "neg", 
"neg", "neg", "neg", "neg", "neg", "neg", "neg", "neg", "neg", 
"neg", "neg", "neg", "neg", "pos", "pos", "pos", "pos", "pos", 
"pos", "pos", "pos", "pos", "pos", "pos", "pos", "pos", "pos", 
"pos", "pos", "pos", "pos", "pos", "neg", "pos", "neg", "neg", 
"pos", "pos", "neg", "neg", "neg", "neg", "neg", "neg", "neg", 
"neg", "neg", "neg", "neg", "neg", "neg", "neg", "neg", "neg", 
"neg", "neg", "pos", "pos", "pos", "pos", "pos", "pos", "pos", 
"pos", "pos", "pos", "pos", "pos", "pos", "neg", "neg", "neg", 
"neg", "neg", "neg", "neg", "neg", "neg", "neg", "neg", "pos", 
"neg", "neg", "neg", "neg", "neg", "neg", "neg", "neg", "neg", 
"neg", "neg", "neg", "neg", "neg", "neg", "neg", "neg", "neg"
), min = c(77.0981256802326, 77.08827569, 76.91936845, 77.0981256802326, 
76.96921684, 77.0981256802326, 77.0981256802326, 77.0981256802326, 
77.0981256802326, 77.0981256802326, 77.0981256802326, 77.0981256802326, 
77.0981256802326, 77.0981256802326, 77.0981256802326, 77.0981256802326, 
77.0981256802326, 77.0981256802326, 77.0981256802326, 76.89071421, 
76.65136699, 76.60128102, 76.62534019, 76.72361196, 77.0981256802326, 
76.9534813, 77.0981256802326, 77.0981256802326, 76.50933041, 
77.0981256802326, 77.0981256802326, 77.0981256802326, 77.0981256802326, 
77.05292964, 76.90949227, 76.56525573, 76.2962963, 75.8087667, 
75.73658751, 75.74721518, 75.97114317, 75.70571238, 75.5794234, 
79.0287016313954, 79.0287016313954, 79.0287016313954, 79.0287016313954, 
79.0287016313954, 79.0287016313954, 79.0287016313954, 79.0287016313954, 
79.0287016313954, 79.0287016313954, 79.0287016313954, 79.0287016313954, 
79.0287016313954, 79.0287016313954, 79.0287016313954, 79.0287016313954, 
79.0287016313954, 79.0287016313954, 79.0287016313954, 79.0287016313954, 
79.0287016313954, 79.0287016313954, 79.0287016313954, 79.0287016313954, 
78.61715749, 78.125, 77.39858339, 77.28747567, 76.66666667, 75.42003734, 
74.84624846, 75.26348419, 74.98448169, 74.79206654, 74.41709845, 
74.30600387, 74.55853499, 74.57969065, 73.91304348, 73.83112352, 
74.41696113, 73.67288379, 72.95141407, 72.055250957907, 72.055250957907, 
72.055250957907, 72.055250957907, 72.055250957907, 72.055250957907, 
72.055250957907, 72.055250957907, 72.055250957907, 72.055250957907, 
72.055250957907, 72.055250957907, 72.055250957907, 72.055250957907, 
72.055250957907, 72.055250957907, 72.055250957907, 72.055250957907, 
72.055250957907, 71.98067633, 72.055250957907, 72.01257862, 71.29186603, 
72.055250957907, 72.055250957907, 71.81102362, 71.63232964, 71.2, 
68.61313869, 70.82630691, 68.57638889, 70.1188455, 68.93039049, 
67.82178218, 69.37086093, 68.46543002, 67.60797342, 67.16666667, 
67.9245283, 69.27175844, 70.609319, 69.5970696, 68.80907372, 
66.1903290881395, 66.1903290881395, 66.1903290881395, 66.1903290881395, 
66.1903290881395, 66.1903290881395, 66.1903290881395, 66.1903290881395, 
66.1903290881395, 66.1903290881395, 66.1903290881395, 66.1903290881395, 
66.1903290881395, 65.89018303, 65.06410256, 65.62009419, 65.4853621, 
65.25547445, 64.33666191, 63.4696756, 64.00560224, 63.22147651, 
64.03743316, 64.82939633, 66.1903290881395, 66.15581098, 65.91478697, 
65.46583851, 64.25, 64.73429952, 65.70743405, 63.11166876, 62.69230769, 
63.26002587, 64.58598726, 63.95348837, 63.42710997, 63.56687898, 
63.15136476, 62.54728878, 62.38993711, 62.19974716, 61.74934726
),