list(data = structure(list(year = c(1895, 1896, 1897, 1898, 1899, 
1900, 1901, 1902, 1903, 1904, 1905, 1906, 1907, 1908, 1909, 1910, 
1911, 1912, 1913, 1914, 1915, 1916, 1917, 1918, 1919, 1920, 1921, 
1922, 1923, 1924, 1925, 1926, 1927, 1928, 1929, 1930, 1931, 1932, 
1933, 1934, 1935, 1936, 1937, 1938, 1939, 1940, 1941, 1942, 1943, 
1944, 1945, 1946, 1947, 1948, 1949, 1950, 1951, 1952, 1953, 1954, 
1955, 1956, 1957, 1958, 1959, 1960, 1961, 1962, 1963, 1964, 1965, 
1966, 1967, 1968, 1969, 1970, 1971, 1972, 1973, 1974, 1975, 1976, 
1977, 1978, 1979, 1980, 1981, 1982, 1983, 1984, 1985, 1986, 1987, 
1988, 1989, 1990, 1991, 1992, 1993, 1994, 1995, 1996, 1997, 1998, 
1999, 2000, 2001, 2002, 2003, 2004, 2005, 2006, 2007, 2008, 2009, 
2010, 2011, 2012, 2013, 2014, 2015, 2016, 2017, 2018, 2019, 2020, 
2021), value = c(12.319, 10.3505, 11.83005, 15.23788333, 9.323916667, 
16.29833333, 11.557, 9.552516667, 10.62143333, 8.682566667, 16.44861667, 
9.141883333, 13.25668333, 12.26608333, 13.05136667, 11.36861667, 
13.37521667, 14.6431, 13.26091667, 11.6332, 12.08616667, 11.8237, 
8.390466667, 14.20495, 15.40298333, 14.86535, 9.27735, 14.50128333, 
14.22611667, 8.485716667, 12.3063, 16.30468333, 12.44388333, 
14.19225, 16.15016667, 12.75926667, 12.73386667, 15.4559, 11.2268, 
13.58688333, 11.98245, 11.30723333, 13.7795, 10.21926667, 11.94646667, 
15.65275, 12.38885, 16.06973333, 12.37826667, 14.66215, 13.4112, 
16.79998333, 15.46013333, 15.92156667, 13.63768333, 10.89448333, 
10.73361667, 11.25855, 14.39333333, 10.71245, 11.97186667, 13.12121667, 
13.95518333, 13.44506667, 15.76705, 11.03418333, 16.2433, 8.4455, 
11.42153333, 14.15415, 12.23433333, 15.87923333, 12.58358333, 
10.2108, 11.37285, 12.20258333, 12.42483333, 13.20376667, 15.3162, 
12.85875, 14.92885, 10.9601, 14.66426667, 13.96153333, 14.2367, 
15.81996667, 10.20445, 13.5128, 15.97448333, 11.11885, 14.01021667, 
10.86696667, 13.40485, 15.47283333, 11.78136667, 11.18235, 19.66171667, 
17.53446667, 13.47258333, 12.35921667, 13.09158333, 11.3284, 
13.63556667, 15.9258, 10.06475, 9.82345, 13.63768333, 14.92038333, 
12.60263333, 14.91403333, 12.07346667, 10.63625, 11.99303333, 
12.27878333, 13.6017, 11.0109, 9.711266667, 15.15321667, 13.94248333, 
12.08193333, 14.12663333, 14.56055, 14.87381667, 13.75833333, 
12.34228333, 12.39943333, 18.11866667), valence = c("neg", "neg", 
"neg", "pos", "neg", "pos", "neg", "neg", "neg", "neg", "pos", 
"neg", "pos", "neg", "pos", "neg", "pos", "pos", "pos", "neg", 
"neg", "neg", "neg", "pos", "pos", "pos", "neg", "pos", "pos", 
"neg", "neg", "pos", "neg", "pos", "pos", "neg", "neg", "pos", 
"neg", "pos", "neg", "neg", "pos", "neg", "neg", "pos", "neg", 
"pos", "neg", "pos", "pos", "pos", "pos", "pos", "pos", "neg", 
"neg", "neg", "pos", "neg", "neg", "pos", "pos", "pos", "pos", 
"neg", "pos", "neg", "neg", "pos", "neg", "pos", "neg", "neg", 
"neg", "neg", "neg", "pos", "pos", "neg", "pos", "neg", "pos", 
"pos", "pos", "pos", "neg", "pos", "pos", "neg", "pos", "neg", 
"pos", "pos", "neg", "neg", "pos", "pos", "pos", "neg", "pos", 
"neg", "pos", "pos", "neg", "neg", "pos", "pos", "neg", "pos", 
"neg", "neg", "neg", "neg", "pos", "neg", "neg", "pos", "pos", 
"neg", "pos", "pos", "pos", "pos", "neg", "neg", "pos"), min = c(12.319, 
10.3505, 11.83005, 13.0223166664173, 9.323916667, 13.0223166664173, 
11.557, 9.552516667, 10.62143333, 8.682566667, 13.0223166664173, 
9.141883333, 13.0223166664173, 12.26608333, 13.0223166664173, 
11.36861667, 13.0223166664173, 13.0223166664173, 13.0223166664173, 
11.6332, 12.08616667, 11.8237, 8.390466667, 13.0223166664173, 
13.0223166664173, 13.0223166664173, 9.27735, 13.0223166664173, 
13.0223166664173, 8.485716667, 12.3063, 13.0223166664173, 12.44388333, 
13.0223166664173, 13.0223166664173, 12.75926667, 12.73386667, 
13.0223166664173, 11.2268, 13.0223166664173, 11.98245, 11.30723333, 
13.0223166664173, 10.21926667, 11.94646667, 13.0223166664173, 
12.38885, 13.0223166664173, 12.37826667, 13.0223166664173, 13.0223166664173, 
13.0223166664173, 13.0223166664173, 13.0223166664173, 13.0223166664173, 
10.89448333, 10.73361667, 11.25855, 13.0223166664173, 10.71245, 
11.97186667, 13.0223166664173, 13.0223166664173, 13.0223166664173, 
13.0223166664173, 11.03418333, 13.0223166664173, 8.4455, 11.42153333, 
13.0223166664173, 12.23433333, 13.0223166664173, 12.58358333, 
10.2108, 11.37285, 12.20258333, 12.42483333, 13.0223166664173, 
13.0223166664173, 12.85875, 13.0223166664173, 10.9601, 13.0223166664173, 
13.0223166664173, 13.0223166664173, 13.0223166664173, 10.20445, 
13.0223166664173, 13.0223166664173, 11.11885, 13.0223166664173, 
10.86696667, 13.0223166664173, 13.0223166664173, 11.78136667, 
11.18235, 13.0223166664173, 13.0223166664173, 13.0223166664173, 
12.35921667, 13.0223166664173, 11.3284, 13.0223166664173, 13.0223166664173, 
10.06475, 9.82345, 13.0223166664173, 13.0223166664173, 12.60263333, 
13.0223166664173, 12.07346667, 10.63625, 11.99303333, 12.27878333, 
13.0223166664173, 11.0109, 9.711266667, 13.0223166664173, 13.0223166664173, 
12.08193333, 13.0223166664173, 13.0223166664173, 13.0223166664173, 
13.0223166664173, 12.34228333, 12.39943333, 13.0223166664173), 
    max = c(13.0223166664173, 13.0223166664173, 13.0223166664173, 
    15.23788333, 13.0223166664173, 16.29833333, 13.0223166664173, 
    13.0223166664173, 13.0223166664173, 13.0223166664173, 16.44861667, 
    13.0223166664173, 13.25668333, 13.0223166664173, 13.05136667, 
    13.0223166664173, 13.37521667, 14.6431, 13.26091667, 13.0223166664173, 
    13.0223166664173, 13.0223166664173, 13.0223166664173, 14.20495, 
    15.40298333, 14.86535, 13.0223166664173, 14.50128333, 14.22611667, 
    13.0223166664173, 13.0223166664173, 16.30468333, 13.0223166664173, 
    14.19225, 16.15016667, 13.0223166664173, 13.0223166664173, 
    15.4559, 13.0223166664173, 13.58688333, 13.0223166664173, 
    13.0223166664173, 13.7795, 13.0223166664173, 13.0223166664173, 
    15.65275, 13.0223166664173, 16.06973333, 13.0223166664173, 
    14.66215, 13.4112, 16.79998333, 15.46013333, 15.92156667, 
    13.63768333, 13.0223166664173, 13.0223166664173, 13.0223166664173, 
    14.39333333, 13.0223166664173, 13.0223166664173, 13.12121667, 
    13.95518333, 13.44506667, 15.76705, 13.0223166664173, 16.2433, 
    13.0223166664173, 13.0223166664173, 14.15415, 13.0223166664173, 
    15.87923333, 13.0223166664173, 13.0223166664173, 13.0223166664173, 
    13.0223166664173, 13.0223166664173, 13.20376667, 15.3162, 
    13.0223166664173, 14.92885, 13.0223166664173, 14.66426667, 
    13.96153333, 14.2367, 15.81996667, 13.0223166664173, 13.5128, 
    15.97448333, 13.0223166664173, 14.01021667, 13.0223166664173, 
    13.40485, 15.47283333, 13.0223166664173, 13.0223166664173, 
    19.66171667, 17.53446667, 13.47258333, 13.0223166664173, 
    13.09158333, 13.0223166664173, 13.63556667, 15.9258, 13.0223166664173, 
    13.0223166664173, 13.63768333, 14.92038333, 13.0223166664173, 
    14.91403333, 13.0223166664173, 13.0223166664173, 13.0223166664173, 
    13.0223166664173, 13.6017, 13.0223166664173, 13.0223166664173, 
    15.15321667, 13.94248333, 13.0223166664173, 14.12663333, 
    14.56055, 14.87381667, 13.75833333, 13.0223166664173, 13.0223166664173, 
    18.11866667)), row.names = 4:130, class = "data.frame"),