list(data = structure(list(year = c(1985, 1986, 1987, 1988, 1989, 
1990, 1991, 1992, 1993, 1994, 1995, 1996, 1997, 1998, 1999, 2000, 
2001, 2002, 2003, 2004, 2005, 2006, 2007, 2008, 2009, 2010, 2011, 
2012, 2013, 2014, 2015, 2016, 2017, 2018, 2019, 2020, 2021, 2022, 
1985, 1986, 1987, 1988, 1989, 1990, 1991, 1992, 1993, 1994, 1995, 
1996, 1997, 1998, 1999, 2000, 2001, 2002, 2003, 2004, 2005, 2006, 
2007, 2008, 2009, 2010, 2011, 2012, 2013, 2014, 2015, 2016, 2017, 
2018, 2019, 2020, 2021, 2022, 1985, 1986, 1987, 1988, 1989, 1990, 
1991, 1992, 1993, 1994, 1995, 1996, 1997, 1998, 1999, 2000, 2001, 
2002, 2003, 2004, 2005, 2006, 2007, 2008, 2009, 2010, 2011, 2012, 
2013, 2014, 2015, 2016, 2017, 2018, 2019, 2020, 2021, 2022), 
    value = c(1, 1.461538462, 2.363636364, 7.714285714, 3.333333333, 
    1, 2.545454545, 2.1, 3.625, 1.888888889, 5.7, 1.411764706, 
    1, 1.076923077, 2.317073171, 1.166666667, 1.666666667, 1.166666667, 
    1, 1.375, 1.5, 1.2, 1.5, 1.111111111, 1.318181818, 1.95, 
    1.944444444, 1.779220779, 3.590909091, 1.583333333, 1.736842105, 
    1.722222222, 1.476190476, 1.5, 1.633333333, 2.285714286, 
    1, 1, 1, 2.583333333, 5.862068966, 6.064516129, 4.9, 1.875, 
    5.6, 2.583333333, 4.25, 2.19047619, 1.25, 1.285714286, 1.166666667, 
    2.083333333, 10.18421053, 7.695652174, 2, 1.125, 2.571428571, 
    1.75, 1.357142857, 30.4, 1.428571429, 1.083333333, 1.5, 1, 
    1.333333333, 5.785714286, 1.25, 1.368421053, 2.083333333, 
    3.25, 2.146341463, 1.32, 2.5, 1.136363636, 1, 7.655172414, 
    14, 2, 4.666666667, 2.5, 1, 1, 25, 8.333333333, 4.428571429, 
    6.857142857, 10.4, 12.1, 3.4, 6.5, 1.5, 2.25, 1, 1, 2.444444444, 
    1.428571429, 1.714285714, 1.571428571, 1.666666667, 1.714285714, 
    2.272727273, 6.733333333, 2.916666667, 5.5, 3.09375, 1.9, 
    2.444444444, 1.866666667, 2.1875, 5.727272727, 2.111111111, 
    2, 2.888888889, 1.571428571), valence = c("neg", "neg", "pos", 
    "pos", "pos", "neg", "pos", "pos", "pos", "neg", "pos", "neg", 
    "neg", "neg", "pos", "neg", "neg", "neg", "neg", "neg", "neg", 
    "neg", "neg", "neg", "neg", "neg", "neg", "neg", "pos", "neg", 
    "neg", "neg", "neg", "neg", "neg", "pos", "neg", "neg", "neg", 
    "neg", "pos", "pos", "pos", "neg", "pos", "neg", "pos", "neg", 
    "neg", "neg", "neg", "neg", "pos", "pos", "neg", "neg", "neg", 
    "neg", "neg", "pos", "neg", "neg", "neg", "neg", "neg", "pos", 
    "neg", "neg", "neg", "neg", "neg", "neg", "neg", "neg", "neg", 
    "pos", "pos", "neg", "pos", "neg", "neg", "neg", "pos", "pos", 
    "pos", "pos", "pos", "pos", "neg", "pos", "neg", "neg", "neg", 
    "neg", "neg", "neg", "neg", "neg", "neg", "neg", "neg", "pos", 
    "neg", "pos", "neg", "neg", "neg", "neg", "neg", "pos", "neg", 
    "neg", "neg", "neg"), min = c(1, 1.461538462, 1.96695792789474, 
    1.96695792789474, 1.96695792789474, 1, 1.96695792789474, 
    1.96695792789474, 1.96695792789474, 1.888888889, 1.96695792789474, 
    1.411764706, 1, 1.076923077, 1.96695792789474, 1.166666667, 
    1.666666667, 1.166666667, 1, 1.375, 1.5, 1.2, 1.5, 1.111111111, 
    1.318181818, 1.95, 1.944444444, 1.779220779, 1.96695792789474, 
    1.583333333, 1.736842105, 1.722222222, 1.476190476, 1.5, 
    1.633333333, 1.96695792789474, 1, 1, 1, 2.583333333, 3.56890685918421, 
    3.56890685918421, 3.56890685918421, 1.875, 3.56890685918421, 
    2.583333333, 3.56890685918421, 2.19047619, 1.25, 1.285714286, 
    1.166666667, 2.083333333, 3.56890685918421, 3.56890685918421, 
    2, 1.125, 2.571428571, 1.75, 1.357142857, 3.56890685918421, 
    1.428571429, 1.083333333, 1.5, 1, 1.333333333, 3.56890685918421, 
    1.25, 1.368421053, 2.083333333, 3.25, 2.146341463, 1.32, 
    2.5, 1.136363636, 1, 3.56890685918421, 4.25497859228947, 
    2, 4.25497859228947, 2.5, 1, 1, 4.25497859228947, 4.25497859228947, 
    4.25497859228947, 4.25497859228947, 4.25497859228947, 4.25497859228947, 
    3.4, 4.25497859228947, 1.5, 2.25, 1, 1, 2.444444444, 1.428571429, 
    1.714285714, 1.571428571, 1.666666667, 1.714285714, 2.272727273, 
    4.25497859228947, 2.916666667, 4.25497859228947, 3.09375, 
    1.9, 2.444444444, 1.866666667, 2.1875, 4.25497859228947, 
    2.111111111, 2, 2.888888889, 1.571428571), max = c(1.96695792789474, 
    1.96695792789474, 2.363636364, 7.714285714, 3.333333333, 
    1.96695792789474, 2.545454545, 2.1, 3.625, 1.96695792789474, 
    5.7, 1.96695792789474, 1.96695792789474, 1.96695792789474, 
    2.317073171, 1.96695792789474, 1.96695792789474, 1.96695792789474, 
    1.96695792789474, 1.96695792789474, 1.96695792789474, 1.96695792789474, 
    1.96695792789474, 1.96695792789474, 1.96695792789474, 1.96695792789474, 
    1.96695792789474, 1.96695792789474, 3.590909091, 1.96695792789474, 
    1.96695792789474, 1.96695792789474, 1.96695792789474, 1.96695792789474, 
    1.96695792789474, 2.285714286, 1.96695792789474, 1.96695792789474, 
    3.56890685918421, 3.56890685918421, 5.862068966, 6.064516129, 
    4.9, 3.56890685918421, 5.6, 3.56890685918421, 4.25, 3.56890685918421, 
    3.56890685918421, 3.56890685918421, 3.56890685918421, 3.56890685918421, 
    10.18421053, 7.695652174, 3.56890685918421, 3.56890685918421, 
    3.56890685918421, 3.56890685918421, 3.56890685918421, 30.4, 
    3.56890685918421, 3.56890685918421, 3.56890685918421, 3.56890685918421, 
    3.56890685918421, 5.785714286, 3.56890685918421, 3.56890685918421, 
    3.56890685918421, 3.56890685918421, 3.56890685918421, 3.56890685918421, 
    3.56890685918421, 3.56890685918421, 3.56890685918421, 7.655172414, 
    14, 4.25497859228947, 4.666666667, 4.25497859228947, 4.25497859228947, 
    4.25497859228947, 25, 8.333333333, 4.428571429, 6.857142857, 
    10.4, 12.1, 4.25497859228947, 6.5, 4.25497859228947, 4.25497859228947, 
    4.25497859228947, 4.25497859228947, 4.25497859228947, 4.25497859228947, 
    4.25497859228947, 4.25497859228947, 4.25497859228947, 4.25497859228947, 
    4.25497859228947, 6.733333333, 4.25497859228947, 5.5, 4.25497859228947, 
    4.25497859228947, 4.25497859228947, 4.25497859228947, 4.25497859228947, 
    5.727272727, 4.25497859228947, 4.25497859228947, 4.25497859228947, 
    4.25497859228947), subnm = c("Gill", "Gill", "Gill", "Gill", 
    "Gill", "Gill", "Gill", "Gill", "Gill", "Gill", "Gill", "Gill", 
    "Gill", "Gill", "Gill", "Gill", "Gill", "Gill", "Gill", "Gill", 
    "Gill", "Gill", "Gill", "Gill", "Gill", "Gill", "Gill", "Gill", 
    "Gill", "Gill", "Gill", "Gill", "Gill", "Gill", "Gill", "Gill", 
    "Gill", "Gill", "Seine", "Seine", "Seine", "Seine", "Seine", 
    "Seine", "Seine", "Seine", "Seine", "Seine", "Seine", "Seine", 
    "Seine", "Seine", "Seine", "Seine", "Seine", "Seine", "Seine", 
    "Seine", "Seine", "Seine", "Seine", "Seine", "Seine", "Seine", 
    "Seine", "Seine", "Seine", "Seine", "Seine", "Seine", "Seine", 
    "Seine", "Seine", "Seine", "Seine", "Seine", "Trammel", "Trammel", 
    "Trammel", "Trammel", "Trammel", "Trammel", "Trammel", "Trammel", 
    "Trammel", "Trammel", "Trammel", "Trammel", "Trammel", "Trammel", 
    "Trammel", "Trammel", "Trammel", "Trammel", "Trammel", "Trammel", 
    "Trammel", "Trammel", "Trammel", "Trammel", "Trammel", "Trammel", 
    "Trammel", "Trammel", "Trammel", "Trammel", "Trammel", "Trammel", 
    "Trammel", "Trammel", "Trammel", "Trammel", "Trammel", "Trammel"
    )), row.names = c(NA, -114L), class = "data.frame"),