list(data = structure(list(year = c(1960, 1961, 1962, 1963, 1964, 
1965, 1966, 1967, 1968, 1969, 1970, 1971, 1972, 1973, 1974, 1975, 
1976, 1977, 1978, 1979, 1980, 1981, 1982, 1983, 1984, 1985, 1986, 
1987, 1988, 1989, 1990, 1991, 1992, 1993, 1994, 1995, 1996, 1997, 
1998, 1999, 2000, 2001, 2002, 2003, 2004, 2005, 2006, 2007, 2008, 
2009, 2010, 2011, 2012, 2013, 2014, 2015, 2016, 2017, 2018, 2019
), value = c(-0.1826, -0.0629, 0.2984, 0.1421, -0.1442, 0.1774, 
-0.1931, 0.069, -0.2772, -0.1296, -0.7346, -0.0676, 0.5284, 0.0833, 
0.1858, 0.3852, -0.4971, -0.1439, -0.1676, -0.1763, 0.1404, -0.1556, 
0.1897, -0.2721, -0.8366, -0.1185, 0.2497, -0.1732, -0.598, 0.1965, 
-0.1006, 0.2322, -0.2173, -0.3693, -0.3135, 0.0647, -0.3843, 
-0.1089, -0.1937, 0.3371, 0.3388, 0.099, 0.3788, -0.0455, 0.3859, 
0.3684, 0.4531, 0.4259, -0.1066, 0.0542, -0.6021, -0.2121, 0.3469, 
-0.2911, -0.3649, 0.5578, 0.5314, 0.3845, 0.6361, 0.4046), valence = c("neg", 
"neg", "pos", "pos", "neg", "pos", "neg", "pos", "neg", "neg", 
"neg", "neg", "pos", "pos", "pos", "pos", "neg", "neg", "neg", 
"neg", "pos", "neg", "pos", "neg", "neg", "neg", "pos", "neg", 
"neg", "pos", "neg", "pos", "neg", "neg", "neg", "pos", "neg", 
"neg", "neg", "pos", "pos", "pos", "pos", "neg", "pos", "pos", 
"pos", "pos", "neg", "pos", "neg", "neg", "pos", "neg", "neg", 
"pos", "pos", "pos", "pos", "pos"), min = c(-0.1826, -0.0629, 
0.006745, 0.006745, -0.1442, 0.006745, -0.1931, 0.006745, -0.2772, 
-0.1296, -0.7346, -0.0676, 0.006745, 0.006745, 0.006745, 0.006745, 
-0.4971, -0.1439, -0.1676, -0.1763, 0.006745, -0.1556, 0.006745, 
-0.2721, -0.8366, -0.1185, 0.006745, -0.1732, -0.598, 0.006745, 
-0.1006, 0.006745, -0.2173, -0.3693, -0.3135, 0.006745, -0.3843, 
-0.1089, -0.1937, 0.006745, 0.006745, 0.006745, 0.006745, -0.0455, 
0.006745, 0.006745, 0.006745, 0.006745, -0.1066, 0.006745, -0.6021, 
-0.2121, 0.006745, -0.2911, -0.3649, 0.006745, 0.006745, 0.006745, 
0.006745, 0.006745), max = c(0.006745, 0.006745, 0.2984, 0.1421, 
0.006745, 0.1774, 0.006745, 0.069, 0.006745, 0.006745, 0.006745, 
0.006745, 0.5284, 0.0833, 0.1858, 0.3852, 0.006745, 0.006745, 
0.006745, 0.006745, 0.1404, 0.006745, 0.1897, 0.006745, 0.006745, 
0.006745, 0.2497, 0.006745, 0.006745, 0.1965, 0.006745, 0.2322, 
0.006745, 0.006745, 0.006745, 0.0647, 0.006745, 0.006745, 0.006745, 
0.3371, 0.3388, 0.099, 0.3788, 0.006745, 0.3859, 0.3684, 0.4531, 
0.4259, 0.006745, 0.0542, 0.006745, 0.006745, 0.3469, 0.006745, 
0.006745, 0.5578, 0.5314, 0.3845, 0.6361, 0.4046)), row.names = 4:63, class = "data.frame"), 
    pos = structure(list(year = c(1960, 1961, 1962, 1963, 1964, 
    1965, 1966, 1967, 1968, 1969, 1970, 1971, 1972, 1973, 1974, 
    1975, 1976, 1977, 1978, 1979, 1980, 1981, 1982, 1983, 1984, 
    1985, 1986, 1987, 1988, 1989, 1990, 1991, 1992, 1993, 1994, 
    1995, 1996, 1997, 1998, 1999, 2000, 2001, 2002, 2003, 2004, 
    2005, 2006, 2007, 2008, 2009, 2010, 2011, 2012, 2013, 2014, 
    2015, 2016, 2017, 2018, 2019), value = c(0.006745, 0.006745, 
    0.2984, 0.1421, 0.006745, 0.1774, 0.006745, 0.069, 0.006745, 
    0.006745, 0.006745, 0.006745, 0.5284, 0.0833, 0.1858, 0.3852, 
    0.006745, 0.006745, 0.006745, 0.006745, 0.1404, 0.006745, 
    0.1897, 0.006745, 0.006745, 0.006745, 0.2497, 0.006745, 0.006745, 
    0.1965, 0.006745, 0.2322, 0.006745, 0.006745, 0.006745, 0.0647, 
    0.006745, 0.006745, 0.006745, 0.3371, 0.3388, 0.099, 0.3788, 
    0.006745, 0.3859, 0.3684, 0.4531, 0.4259, 0.006745, 0.0542, 
    0.006745, 0.006745, 0.3469, 0.006745, 0.006745, 0.5578, 0.5314, 
    0.3845, 0.6361, 0.4046), valence = c("neg", "neg", "pos", 
    "pos", "neg", "pos", "neg", "pos", "neg", "neg", "neg", "neg", 
    "pos", "pos", "pos", "pos", "neg", "neg", "neg", "neg", "pos", 
    "neg", "pos", "neg", "neg", "neg", "pos", "neg", "neg", "pos", 
    "neg", "pos", "neg", "neg", "neg", "pos", "neg", "neg", "neg", 
    "pos", "pos", "pos", "pos", "neg", "pos", "pos", "pos", "pos", 
    "neg", "pos", "neg", "neg", "pos", "neg", "neg", "pos", "pos", 
    "pos", "pos", "pos"), min = c(-0.1826, -0.0629, 0.006745, 
    0.006745, -0.1442, 0.006745, -0.1931, 0.006745, -0.2772, 
    -0.1296, -0.7346, -0.0676, 0.006745, 0.006745, 0.006745, 
    0.006745, -0.4971, -0.1439, -0.1676, -0.1763, 0.006745, -0.1556, 
    0.006745, -0.2721, -0.8366, -0.1185, 0.006745, -0.1732, -0.598, 
    0.006745, -0.1006, 0.006745, -0.2173, -0.3693, -0.3135, 0.006745, 
    -0.3843, -0.1089, -0.1937, 0.006745, 0.006745, 0.006745, 
    0.006745, -0.0455, 0.006745, 0.006745, 0.006745, 0.006745, 
    -0.1066, 0.006745, -0.6021, -0.2121, 0.006745, -0.2911, -0.3649, 
    0.006745, 0.006745, 0.006745, 0.006745, 0.006745), max = c(0.006745, 
    0.006745, 0.2984, 0.1421, 0.006745, 0.1774, 0.006745, 0.069, 
    0.006745, 0.006745, 0.006745, 0.006745, 0.5284, 0.0833, 0.1858, 
    0.3852, 0.006745, 0.006745, 0.006745, 0.006745, 0.1404, 0.006745, 
    0.1897, 0.006745, 0.006745, 0.006745, 0.2497, 0.006745, 0.006745, 
    0.1965, 0.006745, 0.2322, 0.006745, 0.006745, 0.006745, 0.0647, 
    0.006745, 0.006745, 0.006745, 0.3371, 0.3388, 0.099, 0.3788, 
    0.006745, 0.3859, 0.3684, 0.4531, 0.4259, 0.006745, 0.0542, 
    0.006745, 0.006745, 0.3469, 0.006745, 0.006745, 0.5578, 0.5314, 
    0.3845, 0.6361, 0.4046)), row.names = 4:63, class = "data.frame"), 
    neg = structure(list(year = c(1960, 1961, 1962, 1963, 1964, 
    1965, 1966, 1967, 1968, 1969, 1970, 1971, 1972, 1973, 1974, 
    1975, 1976, 1977, 1978, 1979, 1980, 1981, 1982, 1983, 1984, 
    1985, 1986, 1987, 1988, 1989, 1990, 1991, 1992, 1993, 1994, 
    1995, 1996, 1997, 1998, 1999, 2000, 2001, 2002, 2003, 2004, 
    2005, 2006, 2007, 2008, 2009, 2010, 2011, 2012, 2013, 2014, 
    2015, 2016, 2017, 2018, 2019), value = c(-0.1826, -0.0629, 
    0.006745, 0.006745, -0.1442, 0.006745, -0.1931, 0.006745, 
    -0.2772, -0.1296, -0.7346, -0.0676, 0.006745, 0.006745, 0.006745, 
    0.006745, -0.4971, -0.1439, -0.1676, -0.1763, 0.006745, -0.1556, 
    0.006745, -0.2721, -0.8366, -0.1185, 0.006745, -0.1732, -0.598, 
    0.006745, -0.1006, 0.006745, -0.2173, -0.3693, -0.3135, 0.006745, 
    -0.3843, -0.1089, -0.1937, 0.006745, 0.006745, 0.006745, 
    0.006745, -0.0455, 0.006745, 0.006745, 0.006745, 0.006745, 
    -0.1066, 0.006745, -0.6021, -0.2121, 0.006745, -0.2911, -0.3649, 
    0.006745, 0.006745, 0.006745, 0.006745, 0.006745), valence = c("neg", 
    "neg", "pos", "pos", "neg", "pos", "neg", "pos", "neg", "neg", 
    "neg", "neg", "pos", "pos", "pos", "pos", "neg", "neg", "neg", 
    "neg", "pos", "neg", "pos", "neg", "neg", "neg", "pos", "neg", 
    "neg", "pos", "neg", "pos", "neg", "neg", "neg", "pos", "neg", 
    "neg", "neg", "pos", "pos", "pos", "pos", "neg", "pos", "pos", 
    "pos", "pos", "neg", "pos", "neg", "neg", "pos", "neg", "neg", 
    "pos", "pos", "pos", "pos", "pos"), min = c(-0.1826, -0.0629, 
    0.006745, 0.006745, -0.1442, 0.006745, -0.1931, 0.006745, 
    -0.2772, -0.1296, -0.7346, -0.0676, 0.006745, 0.006745, 0.006745, 
    0.006745, -0.4971, -0.1439, -0.1676, -0.1763, 0.006745, -0.1556, 
    0.006745, -0.2721, -0.8366, -0.1185, 0.006745, -0.1732, -0.598, 
    0.006745, -0.1006, 0.006745, -0.2173, -0.3693, -0.3135, 0.006745, 
    -0.3843, -0.1089, -0.1937, 0.006745, 0.006745, 0.006745, 
    0.006745, -0.0455, 0.006745, 0.006745, 0.006745, 0.006745, 
    -0.1066, 0.006745, -0.6021, -0.2121, 0.006745, -0.2911, -0.3649, 
    0.006745, 0.006745, 0.006745, 0.006745, 0.006745),