list(data = structure(list(year = c(1990, 1991, 1992, 1993, 1994, 
1995, 1996, 1997, 1998, 1999, 2000, 2001, 2002, 2003, 2004, 2005, 
2006, 2007, 2008, 2009, 2010, 2011, 2012, 2013, 2014, 2015, 2016, 
2017, 2018, 2019, 2020, 2021, 1990, 1991, 1992, 1993, 1994, 1995, 
1996, 1997, 1998, 1999, 2000, 2001, 2002, 2003, 2004, 2005, 2006, 
2007, 2008, 2009, 2010, 2011, 2012, 2013, 2014, 2015, 2016, 2017, 
2018, 2019, 2020, 2021, 1990, 1991, 1992, 1993, 1994, 1995, 1996, 
1997, 1998, 1999, 2000, 2001, 2002, 2003, 2004, 2005, 2006, 2007, 
2008, 2009, 2010, 2011, 2012, 2013, 2014, 2015, 2016, 2017, 2018, 
2019, 2020, 2021, 1990, 1991, 1992, 1993, 1994, 1995, 1996, 1997, 
1998, 1999, 2000, 2001, 2002, 2003, 2004, 2005, 2006, 2007, 2008, 
2009, 2010, 2011, 2012, 2013, 2014, 2015, 2016, 2017, 2018, 2019, 
2020, 2021), value = c(5.6, 6.7, 8.2, 8, 7.6, 6.6, 5.8, 5, 4.5, 
4.2, 4.5, 4.7, 5, 5.1, 4.7, NA, NA, 3.6, 4.5, 6.3, 7.4, 7.2, 
6.7, 6.3, 6, 5.7, 5.3, 4.5, 4.3, 4, 9.7, 6, 4.1, 4.7, 6.2, 5.9, 
5.6, 4.6, 3.9, 3, 3, 3.6, 4.4, 4.4, 4.6, 4.8, 4.8, 6, 3, 2.9, 
3.5, 4.6, 6.1, 6.1, 5.3, 4.9, 4.8, 5.3, 6.3, 5.2, 4.6, 4.3, 6.9, 
4.6, 6.2, 7, 10.7, 9.8, 9.8, 8.1, 6.2, 5.4, 5.4, 5.7, 5.7, 5.5, 
6.1, 5.9, 5.3, NA, NA, 3.9, 4.7, 6.5, 6.1, 6.3, 6, 5.7, 5.7, 
5.5, 5.4, 4.7, 4.6, 4.2, 7.5, 4.3, 6.1, 7.3, 10.1, 10.8, 9, 7.7, 
7.3, 5.4, 5.1, 5.2, 5.4, 5.3, 5.5, 5.5, 5.1, NA, NA, 3.8, 4.7, 
6.5, 7.4, 7.2, 6.6, 6.3, 6.1, 5.7, 5.3, 4.5, 4.3, 4.1, 8.2, 5
), valence = c("neg", "pos", "pos", "pos", "pos", "pos", "pos", 
"neg", "neg", "neg", "neg", "neg", "neg", "neg", "neg", NA, NA, 
"neg", "neg", "pos", "pos", "pos", "pos", "pos", "pos", "neg", 
"neg", "neg", "neg", "neg", "pos", "pos", "neg", "neg", "pos", 
"pos", "pos", "neg", "neg", "neg", "neg", "neg", "neg", "neg", 
"neg", "pos", "pos", "pos", "neg", "neg", "neg", "neg", "pos", 
"pos", "pos", "pos", "pos", "pos", "pos", "pos", "neg", "neg", 
"pos", "neg", "pos", "pos", "pos", "pos", "pos", "pos", "pos", 
"neg", "neg", "neg", "neg", "neg", "neg", "neg", "neg", NA, NA, 
"neg", "neg", "pos", "neg", "pos", "neg", "neg", "neg", "neg", 
"neg", "neg", "neg", "neg", "pos", "neg", "neg", "pos", "pos", 
"pos", "pos", "pos", "pos", "neg", "neg", "neg", "neg", "neg", 
"neg", "neg", "neg", NA, NA, "neg", "neg", "pos", "pos", "pos", 
"pos", "pos", "neg", "neg", "neg", "neg", "neg", "neg", "pos", 
"neg"), min = c(5.6, 5.79, 5.79, 5.79, 5.79, 5.79, 5.79, 5, 4.5, 
4.2, 4.5, 4.7, 5, 5.1, 4.7, NA, NA, 3.6, 4.5, 5.79, 5.79, 5.79, 
5.79, 5.79, 5.79, 5.7, 5.3, 4.5, 4.3, 4, 5.79, 5.79, 4.1, 4.7, 
4.75, 4.75, 4.75, 4.6, 3.9, 3, 3, 3.6, 4.4, 4.4, 4.6, 4.75, 4.75, 
4.75, 3, 2.9, 3.5, 4.6, 4.75, 4.75, 4.75, 4.75, 4.75, 4.75, 4.75, 
4.75, 4.6, 4.3, 4.75, 4.6, 6.13, 6.13, 6.13, 6.13, 6.13, 6.13, 
6.13, 5.4, 5.4, 5.7, 5.7, 5.5, 6.1, 5.9, 5.3, NA, NA, 3.9, 4.7, 
6.13, 6.1, 6.13, 6, 5.7, 5.7, 5.5, 5.4, 4.7, 4.6, 4.2, 6.13, 
4.3, 6.1, 6.21666666666667, 6.21666666666667, 6.21666666666667, 
6.21666666666667, 6.21666666666667, 6.21666666666667, 5.4, 5.1, 
5.2, 5.4, 5.3, 5.5, 5.5, 5.1, NA, NA, 3.8, 4.7, 6.21666666666667, 
6.21666666666667, 6.21666666666667, 6.21666666666667, 6.21666666666667, 
6.1, 5.7, 5.3, 4.5, 4.3, 4.1, 6.21666666666667, 5), max = c(5.79, 
6.7, 8.2, 8, 7.6, 6.6, 5.8, 5.79, 5.79, 5.79, 5.79, 5.79, 5.79, 
5.79, 5.79, NA, NA, 5.79, 5.79, 6.3, 7.4, 7.2, 6.7, 6.3, 6, 5.79, 
5.79, 5.79, 5.79, 5.79, 9.7, 6, 4.75, 4.75, 6.2, 5.9, 5.6, 4.75, 
4.75, 4.75, 4.75, 4.75, 4.75, 4.75, 4.75, 4.8, 4.8, 6, 4.75, 
4.75, 4.75, 4.75, 6.1, 6.1, 5.3, 4.9, 4.8, 5.3, 6.3, 5.2, 4.75, 
4.75, 6.9, 4.75, 6.2, 7, 10.7, 9.8, 9.8, 8.1, 6.2, 6.13, 6.13, 
6.13, 6.13, 6.13, 6.13, 6.13, 6.13, NA, NA, 6.13, 6.13, 6.5, 
6.13, 6.3, 6.13, 6.13, 6.13, 6.13, 6.13, 6.13, 6.13, 6.13, 7.5, 
6.13, 6.21666666666667, 7.3, 10.1, 10.8, 9, 7.7, 7.3, 6.21666666666667, 
6.21666666666667, 6.21666666666667, 6.21666666666667, 6.21666666666667, 
6.21666666666667, 6.21666666666667, 6.21666666666667, NA, NA, 
6.21666666666667, 6.21666666666667, 6.5, 7.4, 7.2, 6.6, 6.3, 
6.21666666666667, 6.21666666666667, 6.21666666666667, 6.21666666666667, 
6.21666666666667, 6.21666666666667, 8.2, 6.21666666666667), subnm = c("Jefferson", 
"Jefferson", "Jefferson", "Jefferson", "Jefferson", "Jefferson", 
"Jefferson", "Jefferson", "Jefferson", "Jefferson", "Jefferson", 
"Jefferson", "Jefferson", "Jefferson", "Jefferson", "Jefferson", 
"Jefferson", "Jefferson", "Jefferson", "Jefferson", "Jefferson", 
"Jefferson", "Jefferson", "Jefferson", "Jefferson", "Jefferson", 
"Jefferson", "Jefferson", "Jefferson", "Jefferson", "Jefferson", 
"Jefferson", "Lafourche", "Lafourche", "Lafourche", "Lafourche", 
"Lafourche", "Lafourche", "Lafourche", "Lafourche", "Lafourche", 
"Lafourche", "Lafourche", "Lafourche", "Lafourche", "Lafourche", 
"Lafourche", "Lafourche", "Lafourche", "Lafourche", "Lafourche", 
"Lafourche", "Lafourche", "Lafourche", "Lafourche", "Lafourche", 
"Lafourche", "Lafourche", "Lafourche", "Lafourche", "Lafourche", 
"Lafourche", "Lafourche", "Lafourche", "Plaquemines", "Plaquemines", 
"Plaquemines", "Plaquemines", "Plaquemines", "Plaquemines", "Plaquemines", 
"Plaquemines", "Plaquemines", "Plaquemines", "Plaquemines", "Plaquemines", 
"Plaquemines", "Plaquemines", "Plaquemines", "Plaquemines", "Plaquemines", 
"Plaquemines", "Plaquemines", "Plaquemines", "Plaquemines", "Plaquemines", 
"Plaquemines", "Plaquemines", "Plaquemines", "Plaquemines", "Plaquemines", 
"Plaquemines", "Plaquemines", "Plaquemines", "Plaquemines", "Plaquemines", 
"St. Charles", "St. Charles", "St. Charles", "St. Charles", "St. Charles", 
"St. Charles", "St. Charles", "St. Charles", "St. Charles", "St. Charles", 
"St. Charles", "St. Charles", "St. Charles", "St. Charles", "St. Charles", 
"St. Charles", "St. Charles", "St. Charles", "St. Charles", "St. Charles", 
"St. Charles", "St. Charles", "St. Charles", "St. Charles", "St. Charles", 
"St. Charles", "St. Charles", "St. Charles", "St. Charles", "St. Charles", 
"St. Charles", "St. Charles")), row.names = c(NA, -128L), class = "data.frame"), 
    pos = structure(list(year = c(1990, 1991, 1992, 1993, 1994, 
    1995, 1996, 1997, 1998, 1999, 2000, 2001, 2002, 2003, 2004, 
    2005, 2006, 2007, 2008, 2009, 2010, 2011, 2012, 2013, 2014, 
    2015, 2016, 2017, 2018, 2019, 2020, 2021, 1990, 1991, 1992, 
    1993, 1994, 1995, 1996, 1997, 1998, 1999, 2000, 2001, 2002, 
    2003, 2004, 2005, 2006, 2007, 2008, 2009, 2010, 2011, 2012, 
    2013, 2014, 2015, 2016, 2017, 2018, 2019, 2020, 2021, 1990, 
    1991, 1992, 1993, 1994, 1995, 1996, 1997, 1998, 1999, 2000, 
    2001, 2002, 2003, 2004, 2005, 2006, 2007, 2008, 2009, 2010, 
    2011, 2012, 2013, 2014, 2015, 2016, 2017, 2018, 2019, 2020, 
    2021, 1990, 1991, 1992, 1993, 1994, 1995, 1996, 1997, 1998, 
    1999, 2000, 2001, 2002, 2003, 2004, 2005, 2006, 2007, 2008, 
    2009, 2010, 2011, 2012, 2013, 2014, 2015, 2016, 2017, 2018, 
    2019, 2020, 2021), value = c(5.79, 6.7, 8.2, 8, 7.6, 6.6, 
    5.8, 5.79, 5.79, 5.79, 5.79, 5.79, 5.79, 5.79, 5.79, NA, 
    NA, 5.79, 5.79, 6.3, 7.4, 7.2, 6.7, 6.3, 6, 5.79, 5.79, 5.79, 
    5.79, 5.79, 9.7, 6, 4.75, 4.75, 6.2, 5.9, 5.6, 4.75, 4.75, 
    4.75, 4.75, 4.75, 4.75, 4.75, 4.75, 4.8, 4.8, 6, 4.75, 4.75, 
    4.75, 4.75, 6.1, 6.1, 5.3, 4.9, 4.8, 5.3, 6.3, 5.2, 4.75, 
    4.75, 6.9, 4.75, 6.2, 7, 10.7, 9.8, 9.8, 8.1, 6.2, 6.13, 
    6.13, 6.13, 6.13, 6.13, 6.13, 6.13, 6.13, NA, NA, 6.13, 6.13, 
    6.5, 6.13, 6.3, 6.13, 6.13, 6.13, 6.13, 6.13, 6.13, 6.13, 
    6.13, 7.5, 6.13, 6.21666666666667, 7.3, 10.1, 10.8, 9, 7.7, 
    7.3, 6.21666666666667, 6.21666666666667, 6.21666666666667, 
    6.21666666666667, 6.21666666666667, 6.21666666666667, 6.21666666666667, 
    6.21666666666667, NA, NA, 6.21666666666667, 6.21666666666667, 
    6.5, 7.4, 7.2, 6.6, 6.3, 6.21666666666667, 6.21666666666667, 
    6.21666666666667, 6.21666666666667, 6.21666666666667, 6.21666666666667, 
    8.2, 6.21666666666667),