list(data = structure(list(year = c(2003, 2004, 2005, 2006, 2007, 
2008, 2009, 2010, 2011, 2012, 2013, 2014, 2015, 2016, 2003, 2004, 
2005, 2006, 2007, 2008, 2009, 2010, 2011, 2012, 2013, 2014, 2015, 
2016), value = c(621, 570, 473, 430, 425, 377, 417, 468, 503, 
516, 481, 447, 505, 478, 5438, 4761, 3990, 3544, 3458, 2987, 
3150, 3099, 4101, 4107, 3188, 3849, 3416, 3251), valence = c("pos", 
"pos", "neg", "neg", "neg", "neg", "neg", "neg", "pos", "pos", 
"pos", "neg", "pos", "neg", "pos", "pos", "pos", "neg", "neg", 
"neg", "neg", "neg", "pos", "pos", "neg", "pos", "neg", "neg"
), min = c(479.357142857143, 479.357142857143, 473, 430, 425, 
377, 417, 468, 479.357142857143, 479.357142857143, 479.357142857143, 
447, 479.357142857143, 478, 3738.5, 3738.5, 3738.5, 3544, 3458, 
2987, 3150, 3099, 3738.5, 3738.5, 3188, 3738.5, 3416, 3251), 
    max = c(621, 570, 479.357142857143, 479.357142857143, 479.357142857143, 
    479.357142857143, 479.357142857143, 479.357142857143, 503, 
    516, 481, 479.357142857143, 505, 479.357142857143, 5438, 
    4761, 3990, 3738.5, 3738.5, 3738.5, 3738.5, 3738.5, 4101, 
    4107, 3738.5, 3849, 3738.5, 3738.5), subnm = c("Seafood Dealers", 
    "Seafood Dealers", "Seafood Dealers", "Seafood Dealers", 
    "Seafood Dealers", "Seafood Dealers", "Seafood Dealers", 
    "Seafood Dealers", "Seafood Dealers", "Seafood Dealers", 
    "Seafood Dealers", "Seafood Dealers", "Seafood Dealers", 
    "Seafood Dealers", "Vessels Fishing", "Vessels Fishing", 
    "Vessels Fishing", "Vessels Fishing", "Vessels Fishing", 
    "Vessels Fishing", "Vessels Fishing", "Vessels Fishing", 
    "Vessels Fishing", "Vessels Fishing", "Vessels Fishing", 
    "Vessels Fishing", "Vessels Fishing", "Vessels Fishing")), row.names = c(NA, 
-28L), class = "data.frame"), pos = structure(list(year = c(2003, 
2004, 2005, 2006, 2007, 2008, 2009, 2010, 2011, 2012, 2013, 2014, 
2015, 2016, 2003, 2004, 2005, 2006, 2007, 2008, 2009, 2010, 2011, 
2012, 2013, 2014, 2015, 2016), value = c(621, 570, 479.357142857143, 
479.357142857143, 479.357142857143, 479.357142857143, 479.357142857143, 
479.357142857143, 503, 516, 481, 479.357142857143, 505, 479.357142857143, 
5438, 4761, 3990, 3738.5, 3738.5, 3738.5, 3738.5, 3738.5, 4101, 
4107, 3738.5, 3849, 3738.5, 3738.5), valence = c("pos", "pos", 
"neg", "neg", "neg", "neg", "neg", "neg", "pos", "pos", "pos", 
"neg", "pos", "neg", "pos", "pos", "pos", "neg", "neg", "neg", 
"neg", "neg", "pos", "pos", "neg", "pos", "neg", "neg"), min = c(479.357142857143, 
479.357142857143, 473, 430, 425, 377, 417, 468, 479.357142857143, 
479.357142857143, 479.357142857143, 447, 479.357142857143, 478, 
3738.5, 3738.5, 3738.5, 3544, 3458, 2987, 3150, 3099, 3738.5, 
3738.5, 3188, 3738.5, 3416, 3251), max = c(621, 570, 479.357142857143, 
479.357142857143, 479.357142857143, 479.357142857143, 479.357142857143, 
479.357142857143, 503, 516, 481, 479.357142857143, 505, 479.357142857143, 
5438, 4761, 3990, 3738.5, 3738.5, 3738.5, 3738.5, 3738.5, 4101, 
4107, 3738.5, 3849, 3738.5, 3738.5), subnm = c("Seafood Dealers", 
"Seafood Dealers", "Seafood Dealers", "Seafood Dealers", "Seafood Dealers", 
"Seafood Dealers", "Seafood Dealers", "Seafood Dealers", "Seafood Dealers", 
"Seafood Dealers", "Seafood Dealers", "Seafood Dealers", "Seafood Dealers", 
"Seafood Dealers", "Vessels Fishing", "Vessels Fishing", "Vessels Fishing", 
"Vessels Fishing", "Vessels Fishing", "Vessels Fishing", "Vessels Fishing", 
"Vessels Fishing", "Vessels Fishing", "Vessels Fishing", "Vessels Fishing", 
"Vessels Fishing", "Vessels Fishing", "Vessels Fishing"), mean = c(479.357142857143, 
479.357142857143, 479.357142857143, 479.357142857143, 479.357142857143, 
479.357142857143, 479.357142857143, 479.357142857143, 479.357142857143, 
479.357142857143, 479.357142857143, 479.357142857143, 479.357142857143, 
479.357142857143, 3738.5, 3738.5, 3738.5, 3738.5, 3738.5, 3738.5, 
3738.5, 3738.5, 3738.5, 3738.5, 3738.5, 3738.5, 3738.5, 3738.5
), sd = c(63.1330793980914, 63.1330793980914, 63.1330793980914, 
63.1330793980914, 63.1330793980914, 63.1330793980914, 63.1330793980914, 
63.1330793980914, 63.1330793980914, 63.1330793980914, 63.1330793980914, 
63.1330793980914, 63.1330793980914, 63.1330793980914, 699.325801699806, 
699.325801699806, 699.325801699806, 699.325801699806, 699.325801699806, 
699.325801699806, 699.325801699806, 699.325801699806, 699.325801699806, 
699.325801699806, 699.325801699806, 699.325801699806, 699.325801699806, 
699.325801699806)), row.names = c(NA, 28L), class = "data.frame"), 
    neg = structure(list(year = c(2003, 2004, 2005, 2006, 2007, 
    2008, 2009, 2010, 2011, 2012, 2013, 2014, 2015, 2016, 2003, 
    2004, 2005, 2006, 2007, 2008, 2009, 2010, 2011, 2012, 2013, 
    2014, 2015, 2016), value = c(479.357142857143, 479.357142857143, 
    473, 430, 425, 377, 417, 468, 479.357142857143, 479.357142857143, 
    479.357142857143, 447, 479.357142857143, 478, 3738.5, 3738.5, 
    3738.5, 3544, 3458, 2987, 3150, 3099, 3738.5, 3738.5, 3188, 
    3738.5, 3416, 3251), valence = c("pos", "pos", "neg", "neg", 
    "neg", "neg", "neg", "neg", "pos", "pos", "pos", "neg", "pos", 
    "neg", "pos", "pos", "pos", "neg", "neg", "neg", "neg", "neg", 
    "pos", "pos", "neg", "pos", "neg", "neg"), min = c(479.357142857143, 
    479.357142857143, 473, 430, 425, 377, 417, 468, 479.357142857143, 
    479.357142857143, 479.357142857143, 447, 479.357142857143, 
    478, 3738.5, 3738.5, 3738.5, 3544, 3458, 2987, 3150, 3099, 
    3738.5, 3738.5, 3188, 3738.5, 3416, 3251), max = c(621, 570, 
    479.357142857143, 479.357142857143, 479.357142857143, 479.357142857143, 
    479.357142857143, 479.357142857143, 503, 516, 481, 479.357142857143, 
    505, 479.357142857143, 5438, 4761, 3990, 3738.5, 3738.5, 
    3738.5, 3738.5, 3738.5, 4101, 4107, 3738.5, 3849, 3738.5, 
    3738.5), subnm = c("Seafood Dealers", "Seafood Dealers", 
    "Seafood Dealers", "Seafood Dealers", "Seafood Dealers", 
    "Seafood Dealers", "Seafood Dealers", "Seafood Dealers", 
    "Seafood Dealers", "Seafood Dealers", "Seafood Dealers", 
    "Seafood Dealers", "Seafood Dealers", "Seafood Dealers", 
    "Vessels Fishing", "Vessels Fishing", "Vessels Fishing", 
    "Vessels Fishing", "Vessels Fishing", "Vessels Fishing", 
    "Vessels Fishing", "Vessels Fishing", "Vessels Fishing", 
    "Vessels Fishing", "Vessels Fishing", "Vessels Fishing", 
    "Vessels Fishing", "Vessels Fishing"), mean = c(479.357142857143, 
    479.357142857143, 479.357142857143, 479.357142857143, 479.357142857143, 
    479.357142857143, 479.357142857143, 479.357142857143, 479.357142857143, 
    479.357142857143, 479.357142857143, 479.357142857143, 479.357142857143, 
    479.357142857143, 3738.5, 3738.5, 3738.5, 3738.5, 3738.5, 
    3738.5, 3738.5, 3738.5, 3738.5, 3738.5, 3738.5, 3738.5, 3738.5, 
    3738.5), sd = c(63.1330793980914, 63.1330793980914, 63.1330793980914, 
    63.1330793980914, 63.1330793980914, 63.1330793980914, 63.1330793980914, 
    63.1330793980914, 63.1330793980914, 63.1330793980914, 63.1330793980914, 
    63.1330793980914, 63.1330793980914, 63.1330793980914, 699.325801699806, 
    699.325801699806, 699.325801699806, 699.325801699806, 699.325801699806, 
    699.325801699806, 699.325801699806, 699.325801699806, 699.325801699806, 
    699.325801699806, 699.325801699806, 699.325801699806, 699.325801699806, 
    699.325801699806)), row.names = c(NA, 28L), class = "data.frame"), 
    labs = structure(list(V1 = c("indicator", "units", "extent"
    ), V2 = c("Seafood Dealers & Vessels Fishing", "Dealers", 
    "Seafood Dealers"), V3 = c("Vessels Fishing", "Vessels", 
    "Vessels Fishing")), row.names = c(NA, 3L), class = "data.frame"), 
    vals = structure(list(allminyear = c(2003, 2003), allmaxyear = c(2016, 
    2016), minyear = c(2003, 2003), maxyear = c(2016, 2016), 
        mean = c(479.357142857143, 3738.5), sd = c(63.1330793980914, 
        699.325801699806), mean_tr = c("ptSolid", "ptSolid"),